3.4821
14.4345
28.1975
36.6278
34.2076
17.4657
-13.0658
-53.8081
-102.0478
-157.5334
-218.9588
-282.2359
-342.8253
-396.9864
-441.7314
-476.0608
-500.5320
-513.7211
-513.2695
-499.3626
-472.7578
-433.3725
-382.2202
-320.8153
-250.7514
-174.3688
-94.2386
-12.2300
70.5485
152.8820
232.8211
307.0568
372.2366
426.5356
469.2153
500.7349
521.8429
532.0463
529.8545
514.6636
486.6881
446.2478
394.6694
333.4569
264.5092
189.5848
110.2512
29.0737
-52.2350
-133.0482
-212.2001
-287.3879
-355.4029
-413.4769
-460.1105
-495.2607
-519.4602
-532.6436
-533.9248
-521.2795
-493.7641
-453.0928
-401.1805
-339.5949
-270.3994
-195.3277
-115.8826
-34.1834
47.5063
128.4592
207.7858
283.1967
352.2522
412.0083
460.6003
497.8895
523.8105
538.2692
541.1608
531.3370
507.4746
470.3344
421.9131
363.3515
295.7133
220.9722
141.6880
59.8670
-23.7643
-107.3885
-187.7905
-263.1069
-332.6114
-394.3352
-445.7509
-485.7441
-514.2557
-531.5671
-536.8282
-528.7132
-506.6819
-470.2993
-421.1626
-362.4458
-295.9084
-222.5832
-144.2003
-62.4761
21.1799
105.0255
187.4255
266.0806
337.6061
399.2379
449.3347
487.3681
513.8473
529.5845
534.7169
528.2546
509.0466
476.8555
431.6672
375.1596
310.8853
240.2188
163.7307
83.3800
1.0547
-81.8757
-163.8412
-242.5457
-315.7335
-380.9132
-435.4020
-478.0161
-509.1104
-529.2350
-537.6936
-532.3234
-512.8478
-480.9859
-436.4630
-379.4763
-312.6006
-238.4819
-160.0821
-78.5191
5.9600
90.1084
171.2673
248.6955
320.2472
383.3701
436.6219
479.0662
510.5684
531.1971
540.2617
536.5995
519.3210
488.9493
447.5145
395.9603
334.2577
264.0068
183.8650
94.0068
2.8416
-83.9717
-165.7264
-241.1696
-309.2407
-369.2084
-420.2895
-461.8111
-493.7071
-515.6229
-526.9666
-527.1621
-515.1275
-489.6233
-450.4135
-399.3320
-338.3471
-269.2351
-194.3907
-115.6492
-34.2792
48.6945
131.6819
212.5368
288.4258
356.1619
413.8334
460.2184
494.8768
518.9103
533.0343
536.4935
527.7301
504.7569
467.1189
416.9883
357.1633
289.4530
215.4900
137.3057
56.0998
-27.1561
-110.7093
-192.2062
-268.7345
-337.5593
-396.7413
-444.7258
-480.8521
-506.1110
-520.7240
-523.9195
-515.1545
-493.4735
-458.5371
-411.3929
-353.7333
-287.1062
-213.3449
-134.6804
-53.9422
26.8286
107.7270
187.7587
264.3458
335.0259
396.9660
447.8047
487.0799
515.8661
534.4081
541.1530
534.5647
513.7240
478.7033
430.6073
371.1543
302.8404
228.2595
149.7390
68.8064
-13.8071
-96.7339
-177.5644
-253.7556
-322.6827
-382.5621
-432.5947
-471.3301
-498.9063
-516.6895
-523.6892
-518.6487
-501.3670
-472.1556
-431.1269
-377.7343
-312.8610
-238.8799
-159.2501
-76.8042
7.1386
90.9690
172.5383
249.7256
321.4019
385.5974
439.1572
480.7110
510.8669
530.0455
537.9912
533.9948
516.1885
483.6394
438.6618
384.3808
322.3418
253.9576
180.2419
101.8306
20.2324
-62.3848
-143.2625
-220.4495
-293.1520
-359.7535
-417.0944
-462.5653
-495.8481
-517.7175
-528.4209
-526.8831
-512.2718
-484.8219
-444.5088
-392.2290
-329.8000
-259.4030
-183.7200
-104.3729
-22.4347
60.2738
141.9203
220.7714
294.3926
360.3158
416.7725
462.8258
497.9465
521.9899
535.2700
536.7219
524.9646
499.6100
460.5366
409.3708
349.0915
282.1401
209.8941
132.7780
51.8367
-30.9071
-113.7303
-194.8380
-271.4279
-340.4177
-399.8781
-448.4927
-485.5246
-511.4714
-526.5776
-530.5841
-521.9648
-498.8656
-462.1444
-413.5258
-354.9103
-288.6410
-215.9507
-137.7437
-55.7263
27.9778
111.4691
192.9034
270.5396
342.1992
404.9552
456.1178
494.4508
520.7545
536.1060
540.3066
532.4362
511.6677
477.6624
430.7836
372.6196
305.3362
231.0148
152.1179
70.5117
-12.5099
-94.8781
-174.9968
-251.7016
-322.0676
-382.6378
-431.6602
-469.8228
-498.4591
-516.8175
-523.5125
-517.4666
-498.1476
-466.0792
-421.7364
-366.3293
-302.0448
-231.1590
-155.8226
-77.6113
2.6354
84.2160
165.6887
244.4093
317.0134
380.7091
434.0997
476.3129
506.6418
525.2657
532.1943
526.5638
507.8642
476.6569
433.5827
379.6841
317.1417
247.2443
170.8460
90.3836
8.5097
-73.4033
-154.3113
-232.0175
-303.9833
-368.3582
-422.6757
-464.7948
-495.3470
-515.7065
-525.5630
-524.2743
-510.9167
-484.1384
-444.2707
-392.6574
-330.8625
-260.5055
-186.4078
-113.1680
-37.5556
42.4311
123.5436
203.1260
278.7938
347.4027
406.5383
454.7294
491.5898
517.9023
533.4483
536.6202
525.5319
499.4753
459.1585
406.6226
344.9216
276.3079
201.8562
122.8052
41.2430
-41.0484
-123.3901
-204.2978
-280.4823
-348.3242
-405.4487
-451.2738
-485.9116
-510.0508
-524.2526
-527.1021
-516.6937
-492.5489
-454.9408
-405.5480
-347.0364
-280.6821
-207.8528
-130.4481
-49.4908
33.1132
114.8836
195.1008
272.1418
342.4872
403.6134
453.7581
491.9494
518.5238
533.8662
537.5173
528.4733
505.1800
467.7450
418.5384
359.3423
292.0211
218.5838
140.1667
58.3807
-24.8274
-107.8536
-188.3975
-264.2990
-333.7412
-394.1082
-443.1244
-480.0811
-506.0148
-521.5911
-526.1387
-518.6255
-498.0313
-464.4711
-418.9792
-362.9762
-298.3375
-226.6379
-148.8111
-66.8321
16.2919
98.4602
178.4827
254.9644
325.6068
387.9574
440.1445
481.3016
511.5174
530.7426
538.4611
533.6179
514.9371
482.4503
437.2865
380.7855
314.7973
241.5920
163.4458
82.1351
-0.7863
-83.4687
-163.7805
-239.9822
-310.2833
-371.9994
-423.2943
-463.6664
-492.9879
-511.8430
-520.5625
-518.0015
-502.7236
-474.0452
-432.6035
-380.0334
-318.1964
-248.7088
-172.9402
-93.2380
-11.9863
69.1616
148.7920
225.9593
298.4860
363.2179
418.2755
462.7482
496.2585
519.0027
531.0463
531.4415
518.8275
492.7733
453.9608
403.6512
343.7372
276.1635
201.9081
122.1747
39.7834
-43.0431
-125.6483
-206.0612
-280.8219
-347.3215
-404.3089
-450.4189
-484.7251
-508.0234
-521.0246
-522.1171
-509.2939
-482.7474
-443.9038
-394.1829
-334.4840
-266.4265
-192.8457
-116.0435
-37.2724
42.9885
124.1919
204.0218
279.3744
347.9355
407.2791
455.1421
490.5530
514.5721
528.3118
530.7378
520.5278
497.1249
460.3467
410.9897
350.7757
282.3239
208.4578
130.7798
50.4628
-31.1674
-112.5520
-191.9875
-267.2115
-335.3422
-394.6190
-443.6588
-480.9897
-506.9699
-522.6198
-526.6094
-516.8513
-493.9147
-459.5849
-414.3134
-358.4646
-293.9254
-222.7242
-146.2951
-66.6205
14.7475
96.6774
177.0720
253.5037
323.7489
385.3105
436.1591
475.6924
504.1112
521.8340
528.8420
524.6975
508.7288
479.8466
437.4245
382.9521
319.0557
247.8549
171.5165
91.7621
10.3322
-71.6435
-153.6777
-233.0012
-306.1463
-370.7018
-424.2835
-465.6810
-495.3376
-513.9375
-521.5613
-517.5341
-500.5093
-469.5818
-426.1318
-372.9743
-312.2922
-245.2657
-172.3970
-94.5580
-13.9127
67.2824
147.7372
225.8795
299.4400
365.9642
422.5939
467.0043
499.2083
520.1139
529.6028
527.3500
512.8437
485.4533
444.9247
391.6271
327.9081
256.9946
181.6140
104.3564
25.9082
-54.1597
-134.5052
-212.7979
-286.5022
-352.6320
-408.9558
-454.1465
-487.7247
-510.3553
-522.3994
-522.6471
-510.0637
-484.4534
-445.4701
-393.8453
-331.7466
-261.9278
-186.8551
-108.3310
-28.1102
52.6261
133.1193
211.0532
283.4595
348.3158
403.8458
448.8554
483.3433
508.1534
523.7196
528.4094
520.2000
498.5887
463.0028
414.0362
354.5114
286.8446
212.8577
134.4675
53.5383
-28.4500
-110.6845
-191.4180
-267.5603
-336.0509
-394.8986
-443.1985
-480.1722
-505.9488
-521.1884
-525.9543
-520.2441
-502.5255
-470.7298
-425.6257
-369.4582
-303.7916
-230.1506
-150.4751
-67.2573
16.4541
98.4233
177.7582
253.8974
325.2902
388.7504
441.4247
482.4698
512.2386
530.8177
537.7139
532.2627
513.4615
481.2975
437.0764
381.8400
316.9803
244.6449
166.8919
86.0389
4.2836
-77.6160
-158.8806
-236.8506
-308.4166
-371.7369
-425.4887
-468.0039
-498.7133
-518.6419
-528.0667
-525.1344
-508.2417
-477.2805
-432.9494
-377.3327
-312.7940
-241.4047
-165.8472
-87.6942
-6.9967
74.8423
155.7863
234.6413
308.6788
373.9630
427.7081
469.2549
499.6428
519.7108
529.2174
527.0873
513.1230
487.3442
449.5464
401.0057
342.6797
275.0837
199.9761
119.6503
36.3984
-47.2710
-129.5546
-209.4878
-284.9923
-352.4380
-409.0585
-454.1097
-487.4807
-509.6364
-520.7703
-519.8817
-506.4903
-480.2065
-440.8510
-390.2027
-330.7112
-264.6976
-193.8528
-118.2018
-38.1867
43.9907
125.7397
204.9509
279.3900
346.6806
404.6669
451.9496
488.5713
514.8526
530.3420
533.4860
522.9128
498.6031
461.1649
411.4797
351.7394
284.9612
212.4390
134.4589
52.8085
-30.1063
-112.6813
-192.7091
-267.6921
-335.7101
-394.4428
-442.3841
-479.5551
-506.2715
-522.4496
-527.0328
-517.6214
-493.1570
-455.3755
-406.0576
-347.1109
-280.5319
-207.9725
-131.4549
-52.5936
27.7495
108.3400
187.3210
263.6311
334.9951
397.2154
447.9323
487.0388
514.8357
531.3386
536.0172
528.2751
507.8828
474.9453
430.0146
374.4079
309.7868
237.5389
159.3272
77.6620
-5.1677
-87.6808
-168.1487
-245.1450
-317.1490
-381.0139
-433.4453
-473.6508
-503.0285
-522.3195
-530.1958
-524.3910
-504.3491
-470.4748
-423.4955
-366.4170
-301.9782
-231.3606
-156.0594
-77.6507
2.8464
84.5706
166.0667
244.8122
317.6411
381.6718
434.6371
475.6903
505.4861
524.8257
533.5349
530.7076
515.6438
487.4700
445.9152
392.8448
330.3798
260.1122
184.2120
104.6841
23.3064
-58.1499
-138.4623
-216.3758
-290.0723
-356.7144
-413.1193
-457.7463
-490.7946
-512.9595
-524.0335
-522.6033
-507.2791
-478.0041
-435.8620
-382.4203
-319.7121
-249.9461
-175.0252
-96.5836
-16.1530
64.8029
144.5797
221.6163
294.5688
361.3756
419.1178
465.4454
499.7679
522.9922
535.1439
534.3951
519.6444
491.2296
450.7861
399.8463
339.1903
270.9029
197.7378
122.1742
45.0699
-34.0669
-114.4236
-193.9341
-269.7734
-339.0578
-399.0574
-447.6416
-484.2399
-509.2882
-523.4709
-526.8936
-519.1208
-498.6823
-463.9635
-415.5584
-356.1527
-288.7945
-215.1122
-136.0146
-53.2031
30.8478
113.8889
194.2371
269.9843
338.9093
398.3667
446.3752
482.9451
509.1224
525.3670
530.8419
523.8251
503.4111
470.2158
424.8161
367.6779
300.9267
227.6222
149.7303
69.0407
-12.5916
-94.1828
-174.4621
-251.0314
-320.9221
-382.0433
-433.5169
-474.3486
-503.7101
-521.5490
-527.5509
-521.0177
-501.9052
-470.5518
-427.4341
-373.6414
-310.3276
-239.0777
-162.1081
-81.3397
1.2282
83.6867
164.5791
242.4135
314.8911
378.8770
432.1988
474.0784
504.7747
525.0303
534.2301
530.9781
514.7358
485.4772
443.4672
389.6984
326.6362
256.5273
179.9315
98.6529
15.5514
-67.7946
-150.1525
-229.5646
-303.1229
-368.1862
-423.3408
-467.2700
-499.3872
-520.4661
-530.6026
-528.4858
-513.1334
-484.0938
-441.7744
-388.5482
-326.7323
-257.6985
-182.9060
-103.9943
-22.7477
58.9396
139.6563
218.6557
294.0293
361.8693
418.5059
463.0480
496.5788
520.1142
533.7418
535.4188
522.5034
494.7947
453.5933
400.4143
337.7542
268.0959
193.1515
114.1216
32.2250
-50.3606
-131.3393
-208.8853
-280.9376
-345.2689
-400.3472
-445.2897
-479.7013
-503.7922
-517.3198
-519.3289
-508.9657
-486.0331
-450.7709
-404.0817
-347.9443
-283.7430
-211.8879
-133.9799
-52.5771
30.3996
113.0289
193.1420
269.0675
339.1050
400.2653
449.6555
487.0894
513.6487
529.1116
532.9403
524.4781
501.1149
462.3936
412.2291
353.4881
287.1299
214.8236
138.7603
60.2449
-19.9300
-99.9571
-177.8048
-252.4659
-321.8620
-382.4297
-432.1104
-470.8198
-498.9830
-516.5939
-522.8877
-516.7554
-496.8754
-462.7805
-416.7599
-361.8020
-298.9731
-228.9460
-153.1721
-73.5263
7.9557
89.7402
170.2169
247.4526
319.3426
382.9159
435.8096
477.4061
507.6135
526.6040
534.0220
528.9204
511.0944
480.1880
436.3801
381.3038
316.9516
244.9037
167.1134
86.6207
5.6326
-75.4008
-155.9462
-233.8514
-305.7775
-368.5356
-420.4151
-461.3934
-492.4922
-514.3158
-525.3434
-523.0948
-506.7240
-477.1440
-435.8803
-384.6888
-325.4525
-258.9396
-185.3023
-106.4164
-24.5897
58.5821
141.4052
221.6553
296.1027
361.9360
417.8029
463.0335
497.3286
520.6508
532.7720
533.1588
520.8839
494.9221
454.9914
402.8768
341.8675
273.5806
198.8340
119.7963
38.5245
-43.9654
-126.4816
-206.7705
-281.7767
-348.5580
-405.4459
-451.6421
-486.6490
-510.8451
-524.6578
-527.1448
-516.9429
-493.5536
-456.9927
-407.7649
-347.4524
-278.9250
-204.8431
-126.4748
-44.8970
38.0576
120.1382
199.8913
275.8078
345.1375
405.8418
456.8235
496.1897
522.7751
537.3008
539.9513
529.2258
503.7486
464.7466
414.6954
355.1859
287.8769
214.2575
135.9505
55.5786
-25.0905
-105.0202
-182.5195
-256.3776
-324.6230
-384.3516
-434.0233
-472.5733
-499.6896
-516.1703
-522.0548
-516.2294
-497.1914
-464.5961
-419.7531
-364.7875
-301.5128
-230.8150
-153.8579
-72.7751
9.6886
91.4411
171.5193
248.2342
318.8429
380.9111
432.8800
473.5961
502.5799
520.6272
528.6840
526.0690
510.4685
480.7984
437.8548
382.8929
318.7275
248.3856
172.5754
91.9090
8.2944
-76.0843
-158.8006
-237.4667
-309.7512
-373.5458
-428.2604
-472.7986
-505.1038
-525.0803
-533.1747
-529.5015
-513.7126
-484.7888
-442.6487
-387.2964
-320.8409
-248.1790
-171.9047
-92.6046
-11.2193
70.6762
151.6292
229.4570
300.7597
363.5592
416.6266
459.2318
491.4248
513.6721
525.7849
525.6823
511.8848
484.7848
445.2197
394.2851
334.0791
266.4506
192.7791
115.1985
35.4715
-45.3805
-126.0896
-204.6480
-278.5340
-345.3397
-402.7830
-448.9462
-483.4249
-507.3000
-520.7291
-522.2806
-510.8643
-486.5813
-449.3639
-399.2022
-338.2147
-269.4332
-195.1065
-116.1972
-33.4496
50.6626
133.4382
213.2122
288.2332
355.8301
414.2429
462.8392
500.0320
525.3170
539.6086
542.0845
531.1160
506.7381
469.4070
419.7719
360.0813
292.2631
217.3219
137.2778
54.6000
-28.8362
-111.3652
-191.2279
-266.6260
-334.9958
-396.7049
-452.3228
-496.3524
-525.8771
-542.2014
-545.6139
-536.2108
-513.3544
-476.7109
-427.4348
-367.3209
-298.7524
-224.1375
-145.2850
-63.7757
19.1234
102.2466
184.1051
262.1971
333.0502
394.1343
444.6111
484.1520
512.8611
531.1127
537.8153
531.1062
510.5059
478.0284
435.4366
381.7787
317.2729
244.1360
164.8445
82.1644
-1.5973
-84.7937
-166.2534
-244.3594
-316.6156
-380.2428
-433.3475
-475.3595
-506.2409
-525.9368
-533.2999
-527.3790
-508.0679
-474.9668
-429.2481
-373.6418
-309.6070
-237.9124
-160.6306
-80.2228
1.5217
83.0265
163.3804
241.6090
314.2632
377.4078
429.6448
470.7925
500.9618
521.1454
531.2542
529.1456
513.3817
483.6140
440.1005
385.1153
321.4801
251.2973
176.1192
97.1414
16.0387
-65.7833
-146.9634
-225.2733
-298.1478
-362.6896
-416.4236
-458.5901
-489.5905
-510.4586
-521.1429
-520.3380
-507.3253
-480.9360
-440.6101
-388.1929
-326.3615
-257.5888
-183.7765
-105.9462
-24.9950
57.3867
138.7136
216.9540
290.8921
358.4654
415.9681
461.1488
494.6788
517.2809
528.8491
529.1963
517.9377
494.5125
458.3318
409.5599
350.4389
283.2778
209.2383
130.1804
48.2225
-34.7222
-116.5840
-196.0420
-271.7587
-340.7650
-399.5647
-446.8160
-482.8670
-507.7550
-521.3550
-523.4080
-513.9714
-492.2362
-456.7814
-408.1594
-348.8470
-281.2508
-206.8157
-127.7408
-46.4122
36.3435
119.6804
200.9191
277.1027
346.0174
405.3397
453.4653
490.1039
515.7504
531.0419
534.8871
525.2540
501.8415
465.9247
418.8028
361.5254
295.9025
223.5241
145.6707
64.2465
-18.5574
-100.4410
-179.5208
-254.3318
-322.7495
-382.4980
-432.2105
-471.2137
-499.6945
-517.0499
-522.1383
-515.4940
-496.9950
-465.4645
-421.0538
-365.7383
-302.0222
-231.2214
-154.6883
-74.5545
7.2828
89.1885
169.5057
246.6962
318.3365
381.1873
433.3544
474.2399
503.9641
523.5006
532.6837
529.5050
512.8651
482.7380
438.5819
381.7789
315.9997
243.9976
167.5555
88.2940
7.7601
-72.9922
-153.4300
-232.0311
-305.6752
-370.6287
-424.3108
-466.6549
-498.9709
-521.7784
-533.5212
-531.7983
-516.2716
-487.4310
-445.2126
-390.8102
-326.6916
-255.3401
-178.8085
-98.9096
-16.9154
66.1898
148.1180
226.0090
298.0311
362.1542
416.3441
460.1339
493.5770
516.0912
526.5730
524.7178
510.9190
484.5791
445.9199
396.2738
336.1717
267.1552
191.8738
112.9716
32.6362
-48.4185
-129.8176
-209.7251
-285.0737
-352.9756
-410.8505
-457.1250
-491.2394
-513.9719
-526.6553
-528.0968
-516.2635
-490.3550
-451.0684
-400.6890
-341.4122
-274.2350
-199.9484
-120.9173
-39.6823
42.2719
123.2118
201.6649
276.5249
345.6823
406.0716
455.1443
491.7730
515.8319
528.0889
529.9036
520.8961
498.7976
462.8824
414.1968
354.5579
286.7138
213.0458
135.5083
55.9870
-24.4910
-105.1101
-184.0493
-258.7481
-326.9402
-386.7703
-436.1519
-474.1039
-501.4774
-518.8237
-524.4875
-516.9382
-496.3358
-462.6652
-417.0867
-361.7428
-297.1837
-223.6982
-143.8767
-61.5373
20.9906
102.6004
181.8518
257.3273
327.6170
390.3840
442.8846
483.5402
512.2898
529.5680
535.5293
529.6539
511.1119
479.6243
435.8910
381.5048
318.3429
247.8712
171.2152
89.9146
6.2946
-77.2436
-159.2875
-238.5286
-312.5839
-378.0906
-431.6891
-472.3820
-501.4506
-520.2077
-528.6750
-525.4417
-508.6930
-477.5066
-433.4550
-379.2233
-315.9033
-244.9253
-169.2283
-90.7545
-10.1684
71.3313
151.8974
229.4556
301.8719
367.1052
422.5742
466.2017
498.3701
520.3654
531.8193
531.3320
517.4373
489.8089
449.5014
397.7269
336.6254
268.2181
193.8651
115.3180
34.4389
-46.9885
-127.6963
-206.3259
-280.6856
-347.7027
-404.3481
-449.8338
-484.6710
-508.5956
-521.4700
-522.8073
-511.4123
-486.7774
-448.7155
-398.3054
-337.9140
-269.4185
-194.9144
-116.5903
-35.9149
46.0613
128.1582
208.7651
285.6422
355.5219
414.7400
461.4009
495.7192
518.3413
529.9778
529.9164
516.8907
490.9692
452.9897
404.9405
348.3423
283.7715
212.3183
135.5560
55.1614
-27.6999
-111.3584
-192.8305
-269.6144
-339.4370
-399.5503
-448.1276
-485.0041
-511.3755
-527.4452
-531.1959
-521.1173
-498.2357
-463.7950
-417.9536
-361.4067
-295.5403
-222.3132
-144.1555
-63.2628
18.8981
101.2445
182.0018
258.8732
329.4918
391.8367
444.1509
484.8668
513.9907
531.8146
537.1816
529.6266
509.1654
475.1561
428.7172
372.4083
307.8191
235.7898
158.0598
77.2474
-4.2584
-85.1512
-165.0847
-242.2456
-313.4021
-376.1198
-428.8517
-470.7443
-501.4575
-520.7864
-528.8302
-525.1118
-507.6565
-474.9343
-428.4160
-371.5597
-306.5288
-234.4425
-156.9469
-76.0145
6.1306
87.9242
168.3514
245.9866
318.3309
381.6336
433.1703
472.8623
501.8917
520.9882
529.7693
526.6472
509.5898
478.4930
435.3826
381.3161
317.3694
246.3922
170.7367
92.2870
12.6364
-67.4987
-146.8965
-223.7070
-295.9868
-361.4063
-417.3739
-461.5799
-493.3267
-513.7300
-523.1300
-520.6586
-505.4661
-476.9839
-435.5528
-382.6722
-320.9066
-252.3728
-178.0875
-99.4859
-18.2374
63.8125
144.8528
223.5622
297.5115
363.4349
418.7569
462.3554
495.0954
518.3434
532.0896
534.3974
522.4911
495.8327
456.1862
405.6052
345.9229
278.3626
204.3010
125.4243
43.2813
-40.5915
-124.1449
-204.4424
-279.3395
-347.3722
-405.5798
-451.2449
-484.4356
-507.1221
-520.1249
-521.6524
-509.8290
-484.6042
-446.4190
-396.3554
-337.1066
-270.8960
-198.9447
-122.4164
-42.8268
38.1236
119.1549
198.9572
275.5028
345.5018
405.6813
454.2489
491.0677
516.8328
531.1888
533.2969
522.8785
499.4747
463.2309
415.1910
356.3686
288.9229
215.7550
138.3006
57.4627
-25.0636
-107.6336
-188.5660
-265.4467
-335.6057
-396.2223
-445.3092
-483.1006
-510.4125
-526.6400
-530.8782
-522.3840
-500.9794
-467.2858
-421.9245
-366.7536
-303.1896
-231.6287
-153.4901
-71.0560
13.0608
96.8087
178.2983
255.6956
326.8664
389.2537
441.1191
481.4689
510.3898
528.2921
534.9570
529.4582
510.5302
477.8770
432.0893
374.8819
308.9148
236.6778
159.8286
79.1175
-4.0212
-87.5480
-169.7220
-248.2890
-320.6057
-384.3935
-437.7905
-479.3920
-508.7215
-526.3787
-533.0421
-528.0599
-510.0599
-478.6044
-434.8549
-380.9456
-318.1765
-247.2889
