145740.2500
145876.5781
145436.6406
144764.6406
144457.5469
144730.8438
144699.2500
144571.9063
144100.8906
144384.7344
143773.5313
144150.5313
144099.3438
143762.2188
143929.8750
144180.8281
144056.6094
143868.0625
144053.9219
143773.3906
143226.7969
143233.3281
142268.6563
142867.5000
143158.2344
143191.1250
142955.8438
142112.2656
142644.4219
143022.2969
142851.4219
142165.5469
142156.8438
143154.4375
142714.1094
141720.7969
142233.2344
141975.9375
142132.6094
141686.8906
141285.0156
141436.8438
141720.3125
142229.2031
141802.9063
141160.7344
141120.1250
141163.7344
141466.2344
141799.1406
141863.8594
141776.7656
141063.2188
140985.7813
141058.3906
141332.6719
141707.1094
141754.8906
141559.3438
140989.8281
140455.2969
140296.6719
140624.8281
141422.7031
141062.2344
140977.3281
140333.5000
141136.0625
141224.1094
140669.4219
140161.2969
140650.2656
141055.7813
140961.2031
140022.3125
139783.8594
140124.3438
140336.1406
140717.8594
140812.0156
140661.5313
140837.0625
140383.4375
140444.6094
140185.9844
140431.8594
140476.0156
140666.0469
140749.3594
140953.6406
141150.7500
140281.0781
139970.6875
140764.9531
140975.7344
140566.8906
140118.2500
139915.7969
140728.6719
140731.0000
139952.5625
140049.1250
140216.3750
140648.2969
140536.3438
141008.5313
140189.0000
139684.7344
139916.5156
140014.0469
140061.3281
140567.3750
140816.9844
140566.4844
140407.1094
140117.3125
139983.5781
140244.4375
140460.4375
140119.9063
140077.4531
140458.3594
140485.2656
140779.0625
140106.7656
139780.0000
139521.8594
140146.7031
139985.5938
140558.5469
140102.6250
140225.1250
139874.9844
139759.7344
139707.8906
140187.9375
140587.7969
141039.7031
140818.4531
140457.2344
139949.1250
140272.2344
140692.7656
140001.3594
139923.8281
140437.1875
141039.6250
140644.8438
139905.4063
139769.0000
140411.2188
140727.9063
140982.1250
140193.8750
139955.8438
140178.1563
139606.2656
139988.3125
140138.5781
140508.4531
140891.9063
140758.6094
140534.5469
140670.0313
140458.3125
140654.6406
140258.6250
140121.4063
140021.3438
139726.0469
139631.9219
140259.1563
140711.9375
140150.9844
139840.2500
139870.5938
140512.1406
140524.1563
140028.7500
139873.4219
140362.8438
139892.6719
140148.7969
139493.3594
139567.6875
140291.3750
140339.7813
139183.5469
139435.5156
139715.6250