39448.6133
39311.7305
39375.9414
39476.9102
39360.8672
39503.4570
39219.5313
39662.8203
39383.7695
39403.6367
39585.1523
39322.6172
39307.3984
39339.9492
39590.2070
39430.8242
39544.9883
39362.8594
39470.8047
39583.0898
39307.9336
39422.7969
39190.1953
39508.1523
39179.6250
39234.9063
39229.4961
39352.2539
39318.4609
39437.5234
39419.4727
39346.7539
39156.2188
39482.8711
39291.1133
39489.5391
39587.2500
39323.4961
39317.1172
39427.4961
39368.9336
39687.7344
39521.9453
39357.2539
39245.1016
39335.0000
39580.3125
39637.1953
39270.1211
39301.4961
39433.6680
39422.5430
39397.2344
39140.7539
39248.3008
39544.0664
39400.8555
39311.7773
39342.2734
39307.9531
39422.0859
39252.9219
39401.0391
39452.0586
39481.9688
39592.5234
39116.5664
39552.0430
39280.8789
39349.0117
39502.1133
39375.2305
39332.0586
39449.6680
39343.5664
39500.2305
39428.0469
39587.6328
39444.9570
39494.6055
39472.4883
39240.0938
39334.4258
39524.0117
39362.7148
39427.5469
39557.9570
39584.4609
39505.5117
39338.1133
39272.2305
39438.9922
39366.2695
39490.6250
39299.5000
39554.7461
39378.7031
39277.6445
39305.8750
39372.5586
39229.3438
39320.8555
39247.0508
39392.1914
39386.0195
39230.5313
39167.4297
39332.5156
39269.7891
39405.5469
39324.4922
39199.9063
39367.4648
39363.7891
39489.4141
39401.8320
39300.6172
39391.6563
39411.0625
39379.6016
39223.9453
39217.9141
39548.6992
39173.9375
39349.4297
39439.3477
39185.2031
39482.5078
39273.0469
39188.0938
39236.6914
39345.3672
39527.5508
39427.5586
39462.7383
39436.7383
39330.5742
39486.7500
39359.8867
39223.7695
39414.0742
39389.6992
39572.5625
39181.7070
39442.0625
39199.1250
39460.3047
39556.8086
39243.2500
39335.5313
39189.1797
39266.0313
39267.7773
39413.0352
39343.8164
39279.4258
39422.4844
39337.6406
39296.9531
39355.8516
39392.7461
39148.4141
39347.9180
39308.2930
39511.3672
39357.7617
39240.5938
39273.8828
39334.1172
39490.9922
39278.3984
39375.1289
39380.9258
39200.4844
39488.1953
39104.2813
39037.1523
39391.7383
39180.9883
39399.6953
39498.2852
39500.0234
39348.9219
39366.7773
39297.4727
39411.7734
39510.6836
39208.0195
39159.4766
39367.9102
39235.9492
39492.4570
39541.1055
39336.6289
39339.5313
39254.9180
39279.1758
39122.7539
39520.2695
39051.5703
39460.9922
39223.8047
39495.6289
39022.9648
39419.6133
39524.3906
39452.8164
39404.8789
39523.0234
39397.6523
39455.4727
39328.3125
39416.2070
39570.0781
39413.0547
39462.8281
39265.1250
39364.6680
39382.3438
39463.1133
39636.6016
39283.4375
39539.1250
39296.3945
39313.7656
39618.9766
39211.0078
39400.2773
39467.3672
39603.7227
39234.5391
39431.3203
39468.1484
39597.3945
39340.0117
39373.7227
39227.5547
39563.8008
39187.1133
39381.1367
39331.8555
39619.1211
39501.7227
39408.0430
39403.6758
39460.3281
39289.9023
39353.8164
39385.2617
39422.7383
39471.9844
39547.2148
39314.2734
39141.1953
39263.6797
39443.4336
39352.7109
39286.0078
39347.3320
39464.5156
39252.1875
39582.4883
39101.8828
39152.9141
39232.0352
39364.5156
39391.6797
39318.8086
39380.6602
39469.7461
39433.9961
39215.2656
39440.9492
39152.7734
39390.8594
39336.9805
39357.6445
39338.5547
39256.1836
39537.2539
39338.0586
39452.0273
39367.5430
39521.9375
39054.9141
39527.3203
39411.9258
39238.6172
39324.8594
39359.1250
39219.7656
39405.3711
39453.0391
39417.1406
39328.8320
39502.9766
39617.9102
39709.4063
39474.8516
39557.8359
39442.1992
39386.7930
39527.6875
39445.0313
39525.5820
39211.8320
39170.4336
39449.8320
39697.0273
39114.5977
39370.2773
39471.2148
39588.3945
39471.6875
39491.4805
39435.2891
39290.8672
39496.1836
39363.0078
39418.5547
39428.2305
39521.4531
39523.2031
39598.7773
39169.5078
39575.4766
39553.5078
39669.3984
39558.1211
39314.9336
39425.9180
39604.8164
39391.3086
39415.6328
39494.7031
39554.6523
39529.9961
39352.4844
39466.0742
39455.3086
39464.9883
39464.2383
39346.8281
39455.9336
39384.4922
39408.4102
39351.2188
39410.5820
39536.1914
39522.4688
39236.2930
39459.9023
39554.7969
39475.6563
39437.4102
39227.1953
39378.6289
39410.5586
39278.7734
39381.1016
39385.7422
39552.7617
39462.2656
39240.3789
39325.2695
39266.9609
39377.6445
39480.2578
39469.0391
39672.9375
39251.5547
39616.2930
39461.4141
39637.5430
39585.6797
39234.5547
39522.9453
39313.2305
39348.6914
39585.1836
39474.7539
39297.7422
39559.6523
39448.1133
39130.8984
39564.7188
39398.3477
39374.8828
39368.6680
39506.6367
39451.6875
39372.3281
39552.3828
39412.2070
39446.7500
39164.9336
39333.3984
39517.1680
39485.5703
39560.9219
39293.3320
39651.3008
39468.1875
39015.4961
39458.0977
39331.0430
39605.5469
39324.3164
39380.0430
39444.2383
39470.5625
39690.4219
39561.9492
39624.0781
39245.6563
39419.2188
39416.8789
39426.7305
39456.0195
39218.2266
39507.3750
39610.8242
39526.1641
39462.3125
39355.9414
39097.8242
39367.8281
39352.9414
39382.9414
39428.2344
39366.4883
39411.8086
39334.4219
39469.6680
39473.8008
39330.9141
39402.2422
39371.7461
39619.2305
39512.6328
39271.6953
39414.8047
39415.8867
39461.4141
39596.0234
39197.5625
39585.2188
39571.0547
39657.9805
39426.3711
39506.1914
39551.8164
39523.6172
39494.3438
39336.1133
39390.0273
39337.1133
39628.2461
39625.6523
39566.8594
39339.3164
39653.0273
39353.3320
39456.4922
39558.6523
39423.9961
39590.7305
39449.0195
39561.9727
39539.7969
39612.7578
39501.7656
39569.7188
39365.6250
39656.8320
39362.5820
39333.2148
39789.6523
39523.1797
39554.3711
39406.7227
39625.9023
39514.0508
39378.4688
39304.1563
39584.6445
39570.7344
39434.5742
39281.1563
39408.1445
39467.8867
39432.0156
39657.2539
39389.9844
39367.3477
39191.5313
39423.3438
39269.8125
39393.7344
39373.2227
39410.1992
39394.6758
39704.2461
39308.6484
39497.8828
39469.7695
39430.0586
39553.3516
39342.4609
39389.9883
39537.6367
39452.7266
39221.2266
39411.6172
39300.5508
39376.0859
39446.4023
39402.0000
39243.0391
39645.1484
39507.8984
39430.3711
39444.2734
39574.9063
39328.2695
39307.1641
39270.5664
39318.9453
39354.6680
39444.9063
39434.0547
39402.0078
39435.1484
39412.3906
39410.0625
39747.6914
39458.8867
39519.7305
39471.4336
39371.9063
39474.9297
39634.4375
39476.1914
39532.9961
39315.6680
39469.1094
39492.2031
39533.0273
39553.0664
39450.6758
39453.9219
39570.2500
39531.5586
39384.6523
39494.3867
39375.8711
39582.2148
39352.5195
39545.7578
39379.2031
39400.8789
39522.0469
39464.5391
39557.4023
39395.4727
39466.0547
39312.7109
39478.8008
39428.3281
39572.6602
39346.9258
39549.0313
39492.7344
39257.9688
39625.4414
39295.4883
39353.7188
39525.7695
39474.4375
39372.3750
39500.9805
39233.1523
39652.7578
39276.6797
39594.1328
39611.2500
39547.6641
39621.4766
39450.9180
39278.6016
39621.9727
39576.8945
39526.3828
39336.2734
39576.2539
39431.2188
39618.5977
39557.6797
39467.1836
39373.0977
39317.1875
39562.4922
39574.5859
39350.2539
39373.4648
39710.3555
39392.3281
39512.7422
39350.4336
39574.4375
39530.5742
39365.2734
39440.1289
39308.8789
39469.6406
39277.8438
39622.2852
39405.7383
39514.4805
39366.8086
39675.1875
39505.2813
39520.8320
39631.8828
39587.5234
39430.2930
39394.0977
39472.2109
39231.9219