33440.7969
33473.0859
33210.6719
33214.8984
33141.3984
33272.0273
33295.1523
33345.5117
33284.0469
33232.5977
33245.3945
33168.5742
33428.9531
33426.4023
33412.7109
33097.8672
33258.4531
33152.1133
33315.2422
33377.3750
33199.9414
33164.3125
33147.4727
33269.2578
33457.4961
33249.9609
33227.6055
33240.7500
33085.8203
33309.8555
33250.0430
33147.8008
33361.9219
33438.6289
33231.8633
33319.2930
33259.8984
33366.6641
33485.7188
33444.9453
33380.0508
33063.1055
33168.4219
33043.1406
33292.4102
33164.8320
33207.7344
33264.4258
33210.7148
33331.5742
33325.7461
33607.6094
33340.1992
33285.2539
33271.1797
33135.1836
33201.5508
33270.1133
33581.9844
33346.0742
33108.2109
33328.8828
33380.8594
33279.1563
33422.3008
33305.0664
33296.8086
33333.0820
33326.4180
33247.4414
33261.2617
33301.2070
33363.2891
33254.6719
33416.0820
33266.8438
33332.7344
33209.5039
33336.3750
33308.9180
33327.3789
33286.7031
33521.1719
33239.3633
33196.4609
33085.1523
33238.7617
33401.6680
33434.2305
33408.7070
33364.5977
33152.6445
33317.6211
33320.7188
33333.6602
33448.1211
33360.0000
33457.9102
33389.7109
33345.8242
33334.1758
33396.5547
33160.2500
33484.4063
33389.2461
33193.5430
33361.3047
33212.0547
33533.9180
33464.5273
33313.5898
33249.7109
33414.8398
33427.9063
33118.5781
33210.5977
33375.5820
33162.2383
33405.6055
33466.7852
33195.4844
33276.7539
32960.0000
32896.4102
33202.2773
33224.6719
32886.1602
32890.6367
33194.2031
32877.8398
32725.9844
33006.1914
33082.0742
32813.4727
32900.5234
32965.3945
33190.1992
33142.6211
33096.2813
32936.3867
32767.7148
33105.8984
33056.4766
33103.1992
32777.4727
33093.4961
33035.4922
33083.3750
33065.0352
32921.4570
32925.5430
32817.7930
32866.1133
32965.6211
33203.5625
33070.9102
32993.3867
32986.3789
32980.7617
33147.3438
33056.9023
32926.2109
33155.3203
33069.3125
33023.6602
32738.0176
32837.2891
32976.1719
33168.4883
32993.4766
32829.1641
32989.0234
33018.0977
33040.6445
32920.6133
32849.6953
32817.4844
33058.9922
33063.6875
33013.0195
32861.9570
32840.7969
33091.1406
33093.3594
32991.0352
33006.7422
32876.9570
32869.4570
32860.8672
32910.4492
32822.3633
32808.8711
32791.2188
32952.5117
33213.2734
32835.7383
32857.0039
32746.5859
32846.0430
33096.4531
33080.8750
33130.0547
32853.7734
32973.9531
32859.9258
32884.4844
32938.5781
33121.9258
32881.6836
32844.2656
32972.2500
32989.0000
32891.4570
32846.2969
33103.4180
33138.9570
32901.1328
33039.8086
33084.8125
33106.8281
32794.5156
32992.8945
32874.8008
32963.7461
32905.7188
32950.0781
33042.1953
33055.2383
32937.8086
32864.3672
32942.6680
33062.4141
33024.9492
32804.7813
32758.5117
33049.2891
33005.0742
32824.3750
32894.8945
32890.1680
32849.8086
32942.9180
32959.1406
33066.6602
32761.8242
32949.2031
33058.1289
33127.4844
33012.6484
32947.4414
32995.6719
33029.6211
33116.4180
32809.9727
32946.3164
33052.6367
32783.6211
33035.0469
33188.8281
32910.3320
32868.7969
32935.6563
32798.8828
32675.7852
32867.4883
33024.9336
32983.1250
32951.4570
32845.9141
32945.3711
32862.6016
32989.1680
32972.8516
32907.6328
32615.9805
33028.3242
32965.6875
33127.1406
33002.8867
33028.3164
32715.8418
32801.8594
32976.3281
33025.4727
32826.1914
32737.0469
32952.6953
32916.4844
33091.9297
32866.1719
32880.3477
32691.0820
32972.4961
33006.0586
33022.8203
33347.7617
33205.3789
33031.0195
33130.9453
33259.7305
33283.0898
33057.5313
33112.2109
33113.7969
33540.2813
33395.8789
33287.4609
33304.9531
33338.0547
33208.7148
33048.8320
33058.7773
33313.2266
33196.7422
33026.6797
32966.0664
33061.9961
33373.6133
33302.3164
33364.3516
33303.0313
33080.6250
33120.7969
33102.6875
33317.2734
33413.4063
33280.7148
33101.1758
33144.6250
32970.5938
32736.8887
32841.0039
32722.0449
33109.7266
32837.1133
32759.6172
32789.3984
32934.3477
32926.5742
32727.7344
32863.1055
33065.5234
32975.8945
32718.6484
32797.0469
32820.8438
32631.8262
32679.8047
32813.0859
32941.0273
32808.1289
32826.8828
32984.0273
33048.0234
33051.3398
32843.8438
32651.6230
33011.0313
32911.4219
32904.8945
32728.1172
32859.4609
32884.8711
32736.2793
32775.8984
32859.1641
32892.6094
32789.7578
32724.0078
32961.3789
32960.4766
32720.4512
32629.6660
32804.7734
33026.7031
32657.8301
32616.9082
32950.2539
33011.5859
33002.7383
32940.5508
32799.4180
32947.5430
32799.2109
32873.2813
33007.5352
32920.5625
32625.2734
32891.1563
32725.1406
32860.3945
32991.6563
33050.7813
32893.0039
32721.0742
32924.6641
33225.6563
33288.8945
33348.7344
33240.9219
32999.4961
33555.9727
33308.5742
33323.7383
33194.3438
33533.3438
33174.3281
32830.1094
33087.0625
33174.3125
33221.9336
33210.8164
33186.0859
33352.2930
33139.5508
32970.2266
33076.7461
33373.6211
33112.3164
33030.7852
33192.3203
33312.5703
33034.3750
33228.4609
33367.1797
33165.3672
32975.8047
33236.2734
33258.5391
33164.3750
32838.1914
33187.9648
33202.0938
32868.1055
32882.8125
33021.8984
33018.7656
32849.4063
32965.5313
32700.6016
32865.7695
33020.4453
33054.4766
32691.2988
32907.8672
33134.3281
32730.0664
32885.2734
33007.4063
32874.4766
32897.5156
33159.7109
32790.0391
32837.6172
32908.0742
32958.6563
32708.2754
32756.4160
32819.9141
33073.2852
32999.7891
32693.9277
32770.4648
33014.2617
33090.9922
33011.3555
32849.3633
32530.9922
33109.5039
32937.9492
32925.4609
32835.8281
33013.0391
32760.7793
32727.7305
32752.6738
33008.0586
32884.9531
32808.9375
32893.5547
33112.0273
33038.1445
32848.0820
32763.4063
32666.9805
32950.7227
32927.5352
32929.0078
32802.1758
32885.1094
32919.1289
33162.3320
33391.9102
33341.2695
33055.9141
33051.5273
33175.9336
33293.6836
33186.1484
33279.2109
33044.2539
33190.2734
33301.3008
33170.5664
33296.5039
33031.5664
33161.1563
32907.8164
33252.6094
33461.1445
33629.1250
33301.6250
33131.0938
33224.9375
33322.0469
33183.3750
33162.3008
33238.8633
33280.6289
33233.6445
33081.1445
33463.4609
33180.1289
33131.2656
33214.3438
33336.2227
33073.1797
33316.7422
33054.6484
33036.0898
33153.4766
32885.7227
33042.2188
32960.3086
33213.4219
32746.2949
32742.9844
33018.0938
33203.3164
32945.1406
32901.6758
32925.1055
32983.7031
32938.8828
32944.2227
32779.2656
32841.9844
33202.0039
32784.2227
32700.1172
32794.2422
33105.1641
33078.6367
32996.3984
32941.1719
32851.0078
32898.8281
33259.1680
33310.8984
33191.6445
33151.3555
33158.6484
33106.6289
32877.6992
33163.0000
32911.0234
32867.0508
32931.4375
33158.6172
33092.7109
33044.4570
33114.7813
32823.1523
33229.9844
32955.9297
32962.3984
33060.6289
32933.9805
32855.9180
33158.3359
32862.8398
32857.6836
32702.4727
32761.7129
32980.2383
32969.8164
32912.2188
32825.4570
32926.7344
32964.2266
32982.7617
33042.2422
32659.9883
33030.3359
32964.8750
32864.8398
32842.8750
33050.7305
32840.4375
32856.3789
33093.1953
33391.8203
33229.7031
33058.5859
33098.9609
33331.3047
33271.9375
33028.2930
33075.4961
33227.4570
33152.9727
33116.0781
33386.1563
33426.8672
33368.2070
33165.4336
33183.8242
33457.7109
33486.9570
33321.7227
33279.9570
32950.2539
33486.3633
33309.3477
33130.5859
33140.8711
33153.8516
33457.5313
33345.8516
32908.5234
33297.3906
33250.0273
33325.5234
33031.8281
33153.4453
33162.1211
33246.2070
33147.5313