
118382.0781
117927.2891
118096.9922
117841.1563
117665.5781
117814.1094
117400.3203
117738.5625
118048.4219
117820.0156
117621.5469
117725.4844
117366.4141
117447.8125
117055.7969
116795.7500
116072.6328
116386.6563
116812.5078
116968.6641
116689.8203
116970.7188
116719.4531
116231.5391
116337.6406
116172.2578
116443.1953
116272.0938
116273.1250
116329.0781
116438.4844
116026.6641
116294.5234
116299.2109
116138.0000
116529.0859
116517.2109
116319.6875
116405.9531
116529.1406
116394.0781
116417.3594
116321.9219
116994.8203
116630.0859
116796.2813
117141.4219
116732.2422
116534.0000
116260.7500
116232.9063
116630.5469
116920.2344
116882.3750
116585.0078
116913.6484
116533.4609
116395.2891
116550.9063
116739.9297
116795.8750
116702.1094
117260.3203
117174.1797
117065.5156
116675.5391
116613.2031
116554.8047
116197.3594
116501.0781
116589.7813
116348.6406
116888.8594
117076.0313
116974.5234
116965.2734
116368.2109
116948.2969
117139.0234
116638.6563
116341.0547
116777.7344
117341.7891
116986.1328
116472.6563
116207.8516
117015.1875
116840.3672
116682.8047
116526.6172
116250.4141
116744.3672
117049.0938
116747.4219
116354.0078
116602.8906
116783.8203
117109.4219
116984.2578
116920.2031
116467.5313
116864.4922
116610.2969
117112.3203
117289.3750
116786.3594
117381.4219
117012.4297