123849.6250
123457.8438
123579.9766
123552.8125
123082.3594
123269.8984
123121.0938
123330.5391
123823.8125
123351.8750
123386.3828
123574.5313
123298.7188
123292.6797
122813.0391
122901.0156
122668.4219
122708.0625
122540.1563
122435.2344
122397.0781
122215.3281
122452.5625
122512.4141
122659.0781
122755.2734
122865.5156
122743.6641
122627.2344
122797.4141
122796.1641
122525.3203
122114.4844
122570.9766
122174.2500
122145.7266
122389.9063
122561.5547
122825.4375
122919.8359
122688.5703
122471.3906
121885.8984
121873.2344
121802.5156
121853.4609
121735.9688
121726.2813
121735.6016
121982.7109
121906.0234
121829.4297
121987.1719
121958.1484
122086.4609
122096.2422
122086.3906
122473.6172
122517.4219
122275.0469
122405.7656
122373.3281
122265.7734
122249.1016
122124.4766
121911.6172
122055.1641
121686.5391
121994.2734
121460.0078
121794.3359
121866.5859
121796.6172
122441.7266
122298.0078
122407.3672
122310.5078
122140.3906
121808.4375
121873.4219
121749.0625
121713.5625
122106.2734
121912.2656
122076.3828
122151.5156
122200.7266
122274.5703
122451.6406
121985.5000
122126.9844
122028.4531
121610.7031
121793.0000
121702.0781
122237.2344
121930.6797
122118.7266
122266.1016
122341.9922
122455.7969
122228.5234
122108.4063
122319.4531
121984.5313
122216.0547
122258.5234
122532.3750
121923.6328
122311.3750
122228.4688
122289.1719
122292.3906
121964.1797
121804.3750
121618.2969
121531.1094
121553.6953
121545.3359
121662.5547
121829.9375
121574.5234
121816.7344
121825.0391
121720.5000
121554.4531
121618.7188
121488.2109
121227.2891
121816.5469
121632.7344
121606.5313
121744.0234
121604.5156
121496.5078
121286.6563
121327.3047
121210.8594
121389.8438
121314.9766
121384.3984
121456.9219
121507.9609
121489.6719
121535.0625
121756.5078
121969.9141
121632.4844
121657.1094
121835.2109
121991.9063
121731.0547
121758.3125
121633.5703
121299.7344
121312.4688
121342.9141
121533.5000
121249.1172
121167.9531
121309.9688
121121.2422
121028.0156
121246.8438
121041.9141
121399.9063
121459.2109
121930.4688
122155.5078
122012.4375
122066.3672
121963.7344
122068.6484
122024.1250
121929.2188
121958.1250
121760.2891
121969.3359
121710.3984
121824.7969
121782.2031
121807.7031
122163.0703
122075.9766
121876.5703
121538.6406
121401.3359
121553.5469
121473.4297
121150.0703
121151.8125
121152.3438
121126.6875
121068.3906
121321.7969
121322.4688
121342.9922
121527.6953
121237.8594
121475.2031
121553.3828
121267.0391
121378.6484
121190.0625
120884.9531
120740.1641
121028.6484
120920.9844
120862.9063
121025.6719
120845.7969
120825.7578
121434.8125
121196.2813
121288.5000
121018.8828
120774.9219
121026.3438
121079.7656
121650.7109
121092.6250
121133.0547
121258.4219
121153.0313
121131.6719
120835.9922
121166.8984
121516.1016
121696.4453
121405.9609
121630.3594
121308.3828
121143.6016
120680.6172
121097.9922
121230.9063
120879.7422
121033.2031
120551.8516
120736.5469
120803.1484
120716.2031
120675.3516
120783.7188
120933.0000
120452.6328
120610.7656
120907.6953
120500.9766
120750.6641
120558.9609
120557.1250
120707.5625
120768.1094
120485.3125
120631.0859
120895.6406
120516.6406
120534.5391
120932.8984
120851.6875
120886.9609
120726.6250
120839.7422
121179.4453
121376.4844
121139.7656
121266.0313
121054.7891
120945.5859
121241.8203
121455.6797
121095.3750
121472.0156
121569.6328
121426.3906
121344.5078
120695.8906
120985.1406
120759.3984
121208.4453
121071.2500
120719.5391
120963.2500
120804.6953
120826.9844
121191.6953
120908.1953
121444.6172
121321.4609
121223.6719
121399.1172
121637.9922
121580.0391
121638.4688
121428.1406
121130.3203
121167.8281
121084.0938
121068.5625
120907.9375
120563.1563
120456.7578
121144.7656
121094.5469
121364.2500
121478.5078
121224.9766
121350.4531
121634.4766
121081.7969
121141.2188
121225.5156
120981.2188
120931.0391
120809.4844
121059.9922
120721.1797
120963.0313
120945.1875
121005.1797
120644.8750
120994.9453
120701.3516
120586.9063
120783.9688
120713.7266
121156.5078
121094.5859
121042.3203
120924.5313
120784.6484
120672.7188
121194.0703
121120.8906
120686.2266
120893.3906
121105.8047
