-10.6718
-47.7495
-106.0791
-168.0873
-221.4454
-258.3788
-275.1400
-270.9456
-246.8957
-205.2498
-148.9504
-81.3425
-5.7206
74.7169
156.5672
236.8916
312.6416
380.3400
437.4389
482.8738
516.7379
538.5328
547.1393
541.7728
521.6857
486.8568
439.4212
381.9211
315.3078
241.2446
162.6024
81.0675
-3.0514
-88.7861
-173.4965
-254.2451
-328.6021
-394.5575
-450.4518
-494.3003
-525.2142
-543.9037
-550.3584
-543.9060
-524.1067
-490.3832
-443.1620
-384.5240
-316.7606
-242.1544
-162.8798
-80.7058
2.4777
85.6186
167.9252
247.3488
321.3195
386.7781
441.1598
483.6690
514.8292
535.4053
544.6068
540.7902
523.1426
491.6909
447.3594
391.7754
326.7252
254.0339
175.7672
93.7778
9.2915
-76.5443
-162.4031
-246.4674
-325.2436
-394.3429
-451.1652
-495.1495
-526.6451
-546.3968
-554.9003
-551.2463
-533.7377
-502.0767
-457.1285
-400.3543
-333.8014
-259.8493
-180.6185
-97.6511
-12.2765
74.4191
160.3469
242.6209
318.7590
385.9740
441.8280
485.0267
515.8367
535.7454
544.2504
539.4529
520.9621
489.1446
444.8232
389.6504
325.3961
253.9654
177.1557
96.2304
12.7321
-71.4601
-154.8037
-235.9558
-312.7034
-381.6897
-439.8174
-485.4294
-518.5485
-540.0315
-549.9956
-547.8330
-532.6804
-503.8615
-462.0399
-408.9467
-346.4362
-276.1323
-199.6219
-118.6018
-34.6027
51.0339
136.6729
219.8185
297.8242
368.2796
428.3160
475.8849
510.7944
533.8174
545.5197
545.3238
531.8452
504.2978
463.1060
409.7182
346.2838
274.8873
197.4648
116.1036
32.8202
-50.9175
-134.2123
-215.8810
-293.6072
-364.3324
-425.0494
-473.5883
-509.7763
-534.5750
-548.0686
-549.5302
-538.2941
-513.7470
-474.5143
-420.4113
-354.8051
-281.1805
-201.6930
-118.8787
-34.7118
49.6743
133.3343
214.7150
291.4760
360.8792
420.3124
468.3383
504.6693
529.4978
542.9058
544.1745
531.9284
505.6470
465.6413
412.8909
349.8517
279.4473
203.8225
124.4503
42.6566
-40.7146
-124.5133
-207.7664
-289.0095
-363.3643
-426.7279
-477.8743
-515.8326
-541.1196
-554.9232
-556.6764
-544.8524
-518.7585
-479.6992
-429.4718
-370.1258
-303.4666
-229.2292
-148.3344
-63.3146
23.5535
109.8172
193.3492
272.5622
345.2577
408.2577
459.6192
499.3524
528.6389
547.9897
555.1538
547.7364
525.1315
487.8484
437.3924
375.4651
304.2397
226.4190
144.1859
59.0533
-27.5348
-113.0075
-194.9215
-272.4377
-343.7635
-405.9143
-456.9092
-495.9715
-523.4808
-539.8849
-544.6741
-536.4443
-513.9738
-477.7027
-429.1826
-370.0302
-301.8947
-226.8568
-147.2071
-64.3425
20.7436
105.6479
187.7987
265.9686
338.4041
401.7877
453.6735
493.6979
522.2583
539.4047
544.0756
535.2654
513.2512
478.9491
432.8882
375.6688
309.0541
235.4118
156.3421
73.0660
-12.1702
-97.1254
-180.2240
-260.2029
-335.1354
-401.5182
-456.5046
-499.2646
-530.0065
-548.8037
-555.3763
-549.2399
-529.1746
-494.7932
-447.0774
-387.4460
-318.3286
-242.4066
-161.8257
-78.5769
5.7680
89.9523
172.3389
251.2985
324.8154
390.0641
444.8914
488.2711
519.9418
539.9119
547.6393
542.7946
525.1308
494.0315
449.3764
392.0962
324.3647
249.0581
168.9509
85.8060
0.9172
-84.1022
-167.7653
-248.1819
-322.7122
-389.0508
-445.1306
-489.1634
-521.2915
-542.5620
-552.4680
-549.6677
-532.9539
-501.8253
-459.6709
-409.5494
-348.9566
-277.5696
-199.0834
-115.8947
-29.6369
57.9539
144.8936
228.5749
306.0602
374.0734
430.2292
474.5930
507.9529
530.0896
540.4374
538.2938
522.6432
493.0348
450.0991
394.9089
329.3369
256.3426
178.3796
96.6967
12.6349
-71.7902
-154.8949
-235.1427
-310.4511
-378.1928
-435.6222
-481.0830
-514.5547
-537.0267
-548.4292
-547.4354
-533.0642
-504.7557
-462.6269
-408.0633
-342.8718
-269.1449
-189.8748
-107.5057
-23.0904
62.3308
146.9247
228.7376
305.4135
373.9244
431.5770
477.2347
511.4533
534.9451
547.3398
547.4017
533.5598
504.9984
462.8589
409.5265
346.5851
275.3400
197.8576
115.8033
31.2956
-53.8687
-138.8061
-221.6017
-299.5508
-369.3790
-428.6331
-476.4283
-512.3536
-536.7769
-549.0890
-547.8618
-533.4274
-506.1748
-465.8955
-413.8234
-351.8174
-281.6260
-205.2088
-124.4833
-41.3465
42.9519
127.0552
208.9833
286.6761
357.5850
418.6906
467.8386
505.0099
531.1539
545.7549
547.3588
535.5947
510.4536
472.0796
421.5069
359.9763
289.3243
212.5064
132.0336
49.2468
-34.6474
-118.3842
-200.6024
-279.3450
-352.2693
-416.0085
-466.6083
-503.4726
-529.4927
-545.4237
-549.0627
-538.9390
-514.7318
-476.2209
-424.4135
-362.1088
-292.1456
-216.6582
-136.8960
-53.6817
31.3353
116.3097
199.3376
277.9074
349.2385
410.7223
461.0743
499.9630
527.2117
542.7975
546.0344
535.7052
511.3147
474.3176
426.2170
367.1800
298.3528
222.0605
140.8360
56.7799
-28.1714
-112.1815
-194.2289
-272.4492
-343.9843
-406.3923
-457.8755
-498.0376
-527.2522
-545.0500
-550.3585
-542.2063
-520.6494
-486.3176
-439.9171
-382.2268
-313.9290
-237.5996
-156.5806
-72.5475
13.3037
99.2961
183.6194
264.0007
337.2485
400.3211
451.6832
491.3706
520.4646
539.1022
545.6783
538.6849
517.7622
483.5567
436.5446
377.9793
310.3160
235.3371
155.0545
71.3451
-14.8750
-101.3696
-185.4362
-265.4162
-338.9662
-403.1095
-455.6878
-495.9439
-524.5427
-542.2637
-548.2893
-541.1652
-520.4918
-486.6187
-440.4482
-383.5862
-317.5798
-243.9945
-165.1664
-82.9344
1.5506
86.6459
170.5454
251.2626
326.4923
392.9861
447.8146
490.6387
521.6824
540.6283
547.3198
541.2736
521.7957
488.9566
443.8144
387.6735
321.9322
249.1022
171.7456
91.0246
7.8340
-76.9332
-161.3318
-242.3749
-317.3714
-383.9152
-440.1370
-485.0237
-518.7151
-541.2754
-551.9512
-550.3693
-535.3049
-504.7238
-459.0698
-401.2046
-334.1451
-259.8406
-179.8216
-95.8097
-9.4711
77.5372
163.5357
246.2020
322.3443
388.9927
444.3615
487.6487
518.9481
538.8806
547.5511
543.8008
526.5972
496.1979
453.1041
398.4956
334.2148
262.0587
184.2547
102.8050
19.0454
-65.6001
-149.5442
-230.6997
-306.5852
-375.1281
-433.7394
-480.1095
-514.1418
-536.8459
-547.5675
-544.9601
-529.0293
-499.3613
-456.1505
-401.4534
-337.0689
-264.7275
-186.5800
-104.2307
-19.0860
66.9639
151.1868
231.1734
305.6785
372.4946
429.0144
474.6740
509.5819
533.5052
546.2119
546.7252
533.3075
504.9580
462.8773
409.0987
345.1819
272.8208
194.0211
111.1487
25.9273
-60.5500
-146.1146
-228.1626
-304.4222
-372.5345
-430.4348
-477.0564
-512.2993
-536.2893
-548.7647
-548.8943
-535.6892
-508.6615
-468.7287
-417.3147
-355.0885
-283.3878
-204.9567
-122.4373
-37.6109
48.3555
134.0594
217.0143
294.6001
364.2010
423.5747
471.7023
508.3512
533.8918
548.0870
549.3641
536.1440
508.2965
466.9932
415.2719
355.9174
288.3940
212.7325
131.1740
46.1923
-39.9697
-125.7384
-209.3325
-287.9349
-358.9136
-420.2284
-470.0602
-508.0442
-535.0986
-551.0417
-554.3580
-543.9237
-519.0769
-479.5456
-426.3747
-362.2140
-289.7256
-210.1598
-125.2085
-37.9166
49.0123
133.5521
214.5951
290.9080
359.6273
418.1596
465.4188
501.4122
526.8888
541.8867
544.9402
534.6215
510.8071
473.7378
423.5873
362.6831
294.6677
220.8401
141.1333
56.8609
-29.7229
-116.9469
-202.5621
-283.4062
-356.5481
-419.0782
-469.6612
-508.3197
-534.8600
-549.4073
-551.6783
-540.7084
-515.7763
-476.6162
-424.4814
-362.2628
-292.6239
-217.7081
-138.6703
-56.2606
27.7642
111.5850
193.5691
271.8523
343.6467
405.5549
455.7902
494.0634
520.6273
536.5037
541.3971
533.0251
510.3462
474.1628
425.5914
366.2223
298.2238
223.5185
143.4358
59.7826
-25.3122
-110.3676
-194.1555
-274.6637
-348.5334
-412.6561
-465.2988
-505.6284
-533.7380
-550.7485
-557.1448
-550.3915
-527.6674
-489.9733
-440.1181
-379.7942
-310.2440
-233.9098
-153.6262
-71.1663
12.2385
95.9033
179.3683
260.6661
336.0156
401.7210
455.3826
496.3885
525.8446
544.3227
550.5784
543.2674
521.5720
485.5601
437.0679
377.8732
309.3324
233.5280
152.8612
69.6646
-14.2024
-97.7947
-180.6088
-261.0576
-335.6602
-401.0053
-455.1263
-496.9797
-526.7407
-544.8496
-550.8762
-543.9871
-523.9816
-491.4224
-446.3518
-389.4398
-322.5896
-247.6186
-167.1084
-83.5612
1.6969
87.2762
171.5763
252.5479
327.3753
393.0577
447.1992
489.0292
519.4441
539.3726
547.6794
542.3588
522.9775
490.1458
445.1740
389.5960
324.7648
252.1704
173.4723
90.6669
5.4046
-80.6971
-165.2674
-246.0643
-320.7876
-386.4798
-441.0652
-483.6218
-514.0824
-533.3347
-540.4764
-534.2130
-515.5142
-484.4327
-440.7103
-386.1209
-322.9161
-252.7491
-177.0785
-97.4022
-14.8014
69.6749
154.1585
236.2444
313.0152
381.2579
438.5517
483.8212
517.1013
538.8141
548.8328
545.8843
528.7462
497.5330
453.3276
397.4658
331.9814
259.5143
181.8357
100.3794
16.5289
-68.4753
-152.8206
-234.1110
-309.8091
-377.3297
-434.5861
-478.0092
-505.0944
-520.5321
-528.4264
-526.9498
-513.3512
-486.1563
-445.8332
-394.4193
-333.5495
-264.8300
-190.4443
-111.9055
-30.2767
53.1910
136.7433
218.1832
294.7439
363.2739
421.3115
467.8797
503.3933
528.5236
542.7259
544.3175
531.9856
505.6044
465.6184
412.8022
349.0445
277.1588
199.7226
118.6335
35.4824
-48.7059
-132.5678
-213.6870
-289.8099
-358.6058
-417.7012
-465.5490
-501.8590
-527.0502
-540.9976
-542.6748
-530.7205
-504.9541
-465.8064
-414.2260
-352.5432
-283.1842
-207.9999
-128.1222
-45.3375
37.8094
120.2204
201.3708
279.1763
350.0762
411.1356
461.1824
499.6254
526.3339
541.6035
544.7737
534.7441
510.5828
471.8618
419.9586
357.2568
286.3535
209.7738
129.0300
45.2251
-40.4461
-126.0630
-209.1918
-287.9292
-359.7588
-421.6921
-471.9639
-510.1173
-536.3903
-550.7236
-552.3899
-540.6936
-514.8145
-474.8428
-422.4103
-359.2826
-287.6921
-210.4734
-129.4946
-45.8934
38.7464
122.8033
204.3998
281.5245
352.2817
414.0775
464.6015
503.3172
530.1855
544.4042
545.5901
534.1421
510.0440
472.3716
422.0244
361.6019
292.5351
216.8377
137.0975
54.5346
-29.8013
-114.4517
-197.5716
-276.5731
-348.5593
-410.8692
-462.0909
-502.1287
-530.9351
-547.8135
-551.7477
-542.2810
-519.8751
-485.1013
-437.8317
-378.5454
-309.8816
-234.8484
-155.1630
-71.8980
13.8104
99.9118
183.8134
263.7077
337.3501
401.3109
452.8816
491.6820
519.4586
537.0105
543.0583
536.2983
516.3199
483.1172
436.6227
378.3429
311.2355
237.1020
156.9384
72.6315
-13.0701
-98.2113
-181.7842
-262.2635
-336.9294
-402.3339
-456.2054
-497.8523
-527.2701
-544.7948
-550.4712
-544.0735
-524.5168
-490.5945
-443.1685
-384.3585
-316.2970
-241.0747
-161.0494
-78.4404
5.3224
89.0889
171.7994
251.8543
326.1495
391.1068
444.7791
486.6634
516.9814
536.4022
544.8632
541.1943
524.0110
492.9078
448.4207
391.4860
324.5074
250.6771
171.7888
88.9162
3.2287
-83.3327
-168.0867
-249.0565
-324.1930
-390.4799
-445.4067
-488.2759
-519.4476
-538.0820
-543.1198
-535.2948
-515.1862
-482.3023
-436.8714
-381.0123
-317.4838
-247.8671
-173.0620
-93.9819
-11.7568
71.9126
155.2970
236.1846
311.9907
380.0990
437.6811
483.0446
516.1257
537.4677
547.0751
544.3256
528.3649
498.2589
454.5444
399.4223
335.3004
264.2847
187.1538
104.7373
19.0367
-67.9182
-153.6798
-235.6889
-311.6809
-379.1191
-435.7771
-480.7308
-514.1667
-536.6069
-547.5000
-545.5708
-530.0259
-500.5654
-457.9137
-403.3530
-338.7829
-266.4662
-187.9537
-104.4561
-18.0744
68.4865
153.5982
235.4888
311.4312
378.9081
435.4171
479.6310
512.2891
534.0297
544.4502
542.4730
526.9152
497.6262
455.3709
401.2791
336.8648
264.4103
186.4271
104.8087
21.2222
-63.0650
-146.9025
-228.2621
-304.5948
-373.5240
-432.4315
-479.3578
-514.2495
-537.7372
-550.2164
-550.9957
-538.8828
-513.1432
-473.5159
-421.6520
-359.9146
-289.8082
-212.3262
-129.1805
-43.3707
43.2868
129.4792
212.7934
291.1497
361.8434
421.9062
470.4087
507.2410
532.6266
546.3417
547.0490
534.0513
506.6350
464.9779
411.2218
347.6315
276.4489
199.7618
118.7882
34.6534
-50.9835
-136.0939
-218.4142
-295.8522
-366.1320
-426.6399
-475.4998
-512.3835
-537.7407
-551.4586
-552.7115
-540.6439
-514.6915
-475.0446
-423.3468
-361.7408
-292.0544
-216.6311
-137.2740
-54.3294
30.6070
114.8645
196.5437
273.7493
344.2983
405.8781
456.6004
495.5631
522.7301
538.3018
541.9711
532.9690
510.4935
473.9463
423.7118
361.8593
291.1713
213.6192
130.5359
44.2657
-42.5076
-127.9420
-210.1196
-287.1473
-356.9384
-416.9265
-465.8913
-503.7344
-530.3612
-545.5262
-548.7061
-539.4018
-516.5675
-479.8148
-429.9720
-368.6215
-298.4257
-221.6416
-139.8838
-55.1097
30.7008
115.9535
198.8670
277.0996
347.7568
408.0630
456.7880
494.2538
520.9680
536.5516
540.2886
531.7063
509.8425
474.7047
427.7854
370.2645
303.7095
229.9719
150.8759
67.6199
-18.7741
-105.7907
-191.0029
-271.9540
-345.5213
-409.1694
-461.5667
-502.2799
-531.2460
-548.4030
-552.6694
-542.8594
-519.3427
-482.8539
-434.3434
-375.4660
-307.8745
-233.5293
-154.1498
-71.0819
13.9521
99.0067
182.3498
262.2848
336.0676
400.4626
453.5055
494.4462
523.2929
540.5801
546.4529
539.9915
519.1441
483.6699
435.6743
377.2718
310.5134
237.2648
158.9219
76.2263
-9.1326
-94.7320
-178.8380
-259.3329
-333.5407
-398.6823
-452.4975
-494.3658
-525.0901
-544.9945
-553.1458
-548.6028
-530.8970
-499.1769
-453.4187
-395.8601
-329.0445
-254.7834
-174.6355
-90.3545
-4.2009
82.1449
167.1878
248.0635
321.9836
387.5976
442.9377
486.0393
517.2284
536.9870
544.5322
539.1769
520.5114
487.6532
440.6133
382.4272
316.4990
244.1463
166.4887
85.3335
2.4421
-81.2380
-164.9555
-246.4769
-322.0135
-388.4907
-444.9053
-490.2966
-523.7074
-545.0839
-554.1921
-550.4602
-532.7234
-500.3344
-454.3758
-396.9937
-330.8836
-258.2539
-180.4011
-98.6164
-14.6866
69.5475
152.8005
233.5229
309.2358
377.3046
435.3269
481.4030
514.8718
536.5631
546.7888
544.4587
528.5151
498.3679
454.8193
399.7011
334.7554
261.8883
182.9183
99.8233
14.7655
-70.5899
-155.0710
-237.2327
-314.1633
-382.2856
-439.6102
-485.4877
-519.4958
-541.6339
-552.0502
-550.4548
-535.6965
-506.8481
-464.6873
-410.8826
-346.9564
-275.0597
-197.6541
-116.0571
-31.6914
53.4239
137.8131
219.7843
296.6776
365.3862
423.2081
468.7218
502.3257
525.1110
537.1188
537.6326
525.5886
499.4634
459.0896
406.3478
343.5180
272.7514
196.0652
115.0674
31.4170
-53.4284
-138.3776
-221.2753
-298.6932
-367.3048
-425.7443
-473.5908
-509.6965
-533.8861
-546.5619
-547.3386
-535.5579
-510.7606
-472.9339
-422.5930
-360.9931
-290.0842
-212.3066
-129.9376
-45.1281
40.1046
124.9955
208.6392
288.0629
359.4077
419.6414
467.4304
503.4815
528.7485
542.9401
544.8291
532.6469
505.5447
464.7394
411.9508
347.8369
274.1313
194.8867
113.3077
30.5514
-52.5054
-134.7133
-214.7203
-290.0670
-357.9827
-416.7244
-464.7454
-501.2713
-526.6480
-540.7869
-542.8853
-532.1488
-507.8930
-470.0409
-420.7201
-362.3769
-295.7167
-221.6587
-141.7081
-57.6650
28.5652
114.6606
197.9771
277.1628
350.0743
412.9064
463.3046
501.1995
527.5105
542.7524
546.2949
536.8644
513.5199
476.2126
426.2735
365.7313
296.8994
222.2483
143.0260
60.0781
-25.4725
-111.8927
-196.2325
-276.2444
-349.7894
-413.4424
-465.3187
-505.4769
-533.8102
-549.9937
-553.3673
-543.1296
-519.1361
-480.9110
-428.9104
-366.6432
-297.5460
-223.4064
-145.4138
-64.5399
18.2001
101.7639
184.2513
262.8818
334.9761
398.3357
451.2071
492.5439
522.0387
539.3597
544.2267
536.2136
514.5540
479.2089
430.9307
371.5621
303.6577
229.2598
149.7574
66.6722
-18.1292
-103.1511
-186.5724
-266.2082
-339.5542
-403.9818
-457.5568
-498.9854
-528.4939
-546.7020
-552.8243
-545.9608
-525.3710
-490.7979
-443.2799
-383.5577
-313.2470
-236.3247
-155.9524
-73.3091
10.5059
94.3720
176.9634
255.7634
327.7742
390.8144
443.3611
484.9992
516.1774
536.1742
543.8169
538.0992
518.9663
487.2993
442.9412
386.4085
319.8542
245.9463
167.2271
85.1509
0.6384
-84.4792
-168.0945
-248.3334
-322.4966
-387.9335
-442.7611
-485.9399
-517.4977
-537.7021
-546.6314
-543.7537
-528.0278
-498.7726
-456.0748
-400.9892
-335.6290
-262.2148
-182.4152
-98.3761
-12.6982
73.2610
158.9301
242.6394
321.1437
390.2073
446.9872
491.2095
523.3052
543.8004
552.9192
549.3468
531.6914
499.9501
454.9305
398.0963
331.6161
257.6553
178.2435
95.5420
11.5227
-72.1226
-154.4191
-234.5084
-309.8867
-377.3568
-434.8198
-480.9697
-515.7565
-539.3373
-550.5417
-548.6483
-533.5626
-504.6353
-461.9987
-407.1599
-342.0254
-268.8452
-190.0301
-107.8198
-23.8429
60.8753
145.0547
226.7117
303.5710
372.7896
431.2887
477.5526
511.6320
534.0956
544.7736
542.8551
527.6259
498.6915
456.6585
403.8119
342.5655
273.0517
196.3006
117.1317
38.3074
-42.3280
-125.1672
-207.1495
-285.0945
-355.7994
-416.1836
-464.8189
-501.7730
-527.3037
-541.3681
-542.4474
-528.8817
-501.4658
-461.4197
-409.5752
-347.4934
-277.5203
-202.5979
-124.1260
-42.4029
41.1543
125.2079
208.1368
286.2983
356.0506
415.3718
463.2401
499.6786
525.2179
539.3851
541.1421
530.1763
505.5401
466.2764
414.0313
351.5863
281.0619
204.1451
122.3908
37.7475
-47.7404
-132.4127
-214.0240
-290.1539
-358.8865
-418.0594
-466.2899
-503.5497
-530.2191
-545.9857
-549.3134
-538.8291
-514.7213
-477.5613
-427.7187
-366.5493
-296.3547
-219.5769
-137.9889
-53.4759
32.0360
116.7890
198.6717
275.9977
346.7247
408.1837
458.2011
496.2617
523.2765
539.4303
543.7842
534.9951
511.8905
474.8679
425.6213
365.7164
297.4952
222.7659
142.1655
57.6792
-28.2432
-113.6743
-196.7343
-275.2017
-346.7948
-409.3159
-460.5967
-499.7472
-527.4521
-544.6677
-550.6385
-543.4915
-522.6770
-488.5379
-441.3994
-382.7147
-314.9863
-240.3441
-160.3876
-76.6097
8.7608
93.6440
177.3079
258.2152
333.1092
398.6151
452.5188
494.2515
524.4258
542.9960
548.8544
538.6533
510.6107
469.5995
419.3839
360.1624
293.1873
220.0051
142.1059
61.0853
-21.9836
-105.9668
-188.7774
-267.5631
-339.2099
-401.3494
-452.8643
-492.8462
-521.0354
-538.1121
-543.7162
-536.7291
-517.1230
-485.0893
-440.5024
-384.5311
-319.0804
-245.8113
-166.8995
-84.3941
0.1421
84.9009
168.1420
248.3082
323.0400
389.1701
444.2727
487.2756
518.3824
538.2771
546.4894
541.3245
521.9252
488.7643
442.3658
384.0481
316.6191
242.4501
163.2011
81.0481
-2.9028
-87.8784
-171.7327
-252.1544
-326.4092
-391.3497
-445.3433
-488.3830
-520.6202
-542.0950
-552.2500
-549.5865
-533.0071
-502.5232
-458.8569
-403.3690
-337.8813
-264.1642
-184.1747
-100.3749
-14.6900
71.6145
156.6725
237.9601
313.0360
379.9891
436.5176
480.8968
513.6799
535.1075
544.0751
539.9902
522.8781
492.6351
450.0080
396.5506
332.9229
260.3246
181.5320
99.2248
15.2028
-69.4231
-153.4898
-235.1307
-311.6953
-379.8211
-436.5018
-480.8892
-514.0298
-536.4323
-547.3756
-545.8302
-530.8524
-502.1717
-460.4940
-407.1951
-344.0099
-272.6039
-194.5042
-111.8709
-26.9355
58.7662
143.5045
225.2426
301.7692
370.2358
428.0558
473.6615
507.2493
530.5134
543.2386
543.4398
529.7239
501.7926
460.4755
407.1381
343.9432
273.0692
195.6052
113.4622
29.0454
-56.6437
-141.9763
-224.4089
-302.0004
-372.0859
-431.3078
-477.7822
-511.5859
-533.9867
-545.6680
-545.6777
-532.4932
-505.1122
-463.8712
-410.4202
-347.5218
-277.9071
-202.8216
-123.0212
-39.9721
44.5618
129.0085
211.1606
288.3802
358.0849
417.7750
466.3300
503.6040
529.4442
543.6259
545.4938
534.4908
509.8863
471.2988
419.9283
357.2490
285.4362
207.9449
127.1251
43.6256
-41.6411
-126.9427
-210.3615
-288.6483
-358.1613
-417.2297
-465.2588
-502.3717
-529.0015
-544.5388
-547.9362
-538.1096
-514.0994
-475.1426
-422.4524
-360.4024
-292.0662
-217.9903
-139.0665
-56.9392
26.8383
111.2583
194.5775
273.9173
346.5853
410.1042
462.2935
502.1016
529.7078
545.6440
549.8821
541.2931
518.3939
481.1818
431.1860
370.4945
301.1842
225.1989
144.2408
59.7606