1755
1847
1915
1993
2087
2155
2239
2307
2391
2445
2487
2535
2547
2535
2531
2523
2501
2443
2413
2327
2249
2167
2087
1995
1933
1843
1755
1685
1615
1581
1483
1467
1415
1463
1467
1471
1489
1545
1595
1650
1763
1823
1923
2005
2093
2173
2247
2310
2343
2443
2471
2551
2534
2535
2563
2515
2499
2453
2411
2327
2245
2179
2103
2003
1929
1833
1743
1697
1609
1567
1507
1463
1457
1459
1435
1466
1511
1535
1593
1679
1731
1833
1909
1971
2065
2151
2237
2309
2371
2429
2475
2535
2535
2535
2527
2523
2483
2459
2413
2327
2257
2179
2091
2010
1931
1831
1759
1692
1615
1575
1493
1465
1447
1447
1471
1499
1493
1533
1603
1645
1743
1835
1915
1993
2057
2135
2271
2327
2367
2439
2495
2523
2525
2547
2527
2533
2503
2461
2405
2355
2259
2165
2103
2013
1947
1858
1665
1731
1645
1543
1531
1477
1453
1477
1497
1463
1525
1519
1575
1655
1733
1829
1911
1975
2087
2143
2243
2305
2379
2429
2471
2521
2533
2527
2534
2503
2495
2447
2407
2345
2255
2171
2089
2021
1919
1867
1773
1683
1629
1583
1511
1479
1463
1469
1471
1459
1503
1551
1581
1665
1743
1799
1899
1955
2063
2171
2239
2303
2375
2427
2469
2525
2527
2553
2535
2511
2510
2445
2395
2333
2246
2183
2109
2011
1935
1843
1759
1703
1630
1579
1523
1487
1477
1481
1479
1487
1503
1543
1597
1683
1719
1811
1919
1987
2059
2155
2231
2304
2377
2419
2507
2539
2539
2535
2533
2543
2515
2479
2411
2347
2249
2171
2093
2041
1931
1851
1787
1687
1607
1587
1535
1491
1461
1467
1443
1447
1485
1535
1585
1667
1747
1815
1871
1959
2069
2135
2227
2311
2367
2415
2487
2531
2539
2543
2541
2531
2499
2471
2427
2347
2259
2173
2099
2031
1947
1849
1759
1689
1615
1575
1501
1489
1473
1443
1477
1455
1509
1545
1591
1679
1723
1809
1899
2003
2071
2131
2243
2317
2385
2423
2483
2511
2543
2539
2539
2543
2515
2463
2407
2335
2265
2179
2095
2026
1943
1853
1775
1671
1641
1579
1523
1471
1497
1375
1481
1483
1509
1529
1591
1655
1749
1827
1919
1975
2063
2167
2203
2295
2355
2425
2469
2523
2539
2551
2527
2540
2511
2473
2407
2341
2271
2183
2095
2039
1955
1855
1763
1705
1629
1577
1518
1486
1481
1457
1471
1495
1479
1523
1591
1674
1751
1827
1893
1973
2039
2267
2231
2275
2367
2423
2489
2527
2547
2535
2543
2527
2491
2471
2423
2343
2263
2175
2109
2043
1947
1859
1759
1701
1631
1571
1509
1475
1453
1471
1471
1479
1478
1519
1575
1647
1719
1791
1859
1973
2055
2143
2215
2287
2383
2435
2463
2511
2559
2551
2533
2523
2527
2479
2439
2381
2271
2167
2111
2019
1951
1869
1763
1719
1637
1577
1510
1455
1463
1461
1482
1483
1496
1529
1587
1647
1723
1807
1881
1971
2039
2155
2235
2295
2371
2413
2483
2507
2511
2527
2519
2535
2507
2470
2423
2375
2275
2197
2115
2045
1955
1863
1759
1697
1623
1561
1513
1473
1455
1471
1447
1467
1507
1517
1583
1659
1739
1819
1885
1965
2050
2111
2219
2287
2350
2425
2479
2515
2531
2543
2523
2535
2499
2491
2447
2319
2275
2199
2121
2027
1947
1871
1769
1694
1630
1587
1531
1533
1493
1475
1491
1490
1507
1547
1575
1627
1711
1789
1877
1933
2042
2129
2214
2299
2359
2427
2489
2523
2547
2535
2547
2531
2501
2479
2423
2331
2271
2191
2133
2051
1967
1879
1783
1703
1647
1579
1518
1499
1471
1479
1457
1467
1503
1522
1575
1631
1731
1819
1895
1955
2035
2111
2199
2275
2351
2415
2487
2507
2551
2535
2519
2517
2503
2463
2425
2373
2255
2175
2101
2035
1957
1853
1795
1723
1642
1583
1531
1509
1471
1447
1459
1479
1503
1533
1572
1647
1701
1807
1887
1957
2063
2131
2211
2283
2365
2403
2451
2535
2525
2527
2543
2515
2524
2461
2431
2335
2285
2247
2121
2077
1975
1855
1759
1727
1651
1581
1535
1501
1459
1479
1485
1449
1471
1529
1557
1653
1725
1811
1879
1967
2029
2117
2218
2286
2335
2423
2469
2507
2547
2559
2527
2535
2511
2479
2419
2371
2283
2183
2091
2055
1979
1861
1785
1723
1631
1594
1483
1503
1465
1463
1483
1475
1489
1517
1567
1631
1729
1795
1887
1965
2023
2123
2203
2279
2361
2421
2483
2515
2547
2557
2535
2521
2495
2467
2423
2375
2287
2187
2105
2037
1967
1863
1791
1703
1610
1595
1531
1465
1461
1455
1493
1491
1501
1535
1575
1622
1703
1793
1857
1967
2025
2129
2207
2302
2361
2407
2485
2509
2547
2531
2517
2519
2511
2453
2435
2351
2279
2221
2115
2037
1969
1887
1791
1739
1657
1595
1551
1479
1471
1469
1485
1483
1503
1523
1571
1627
1725
1807
1879
1963
2039
2135
2201
2287
2339
2395
2439
2511
2535
2549
2535
2535
2519
2493
2438
2371
2275
2191
2115
2055
1987
1861
1799
1722
1647
1604
1555
1485
1463
1450
1477
1491
1491
1507
1579
1643
1707
1783
1871
1964
2027
2135
2211
2283
2359
2383
2475
2507
2523
2535
2539
2547
2503
2491
2447
2359
2277
2197
2143
2063
1975
1874
1799
1685
1623
1593
1539
1479
1485
1463
1483
1459
1507
1509
1556
1655
1686
1801
1883
1955
2049
2127
2212
2289
2363
2423
2461
2509
2535
2559
2543
2543
2519
2483
2427
2367
2299
2199
2101
2039
1967
1891
1771
1725
1659
1587
1519
1463
1473
1458
1463
1471
1487
1519
1527
1647
1715
1801
1871
1941
2015
2131
2215
2283
2347
2411
2453
2519
2551
2523
2539
2515
2521
2465
2415
2372
2283
2195
2117
2045
1965
1877
1796
1703
1645
1581
1553
1493
1467
1451
1453
1477
1489
1529
1573
1625
1723
1797
1877
1955
2015
2123
2219
2275
2375
2419
2475
2511
2555
2523
2527
2531
2499
2487
2439
2363
2299
2207
2121
2079
1988
1873
1791
1719
1650
1609
1543
1491
1471
1459
1466
1463
1487
1511
1533
1627
1723
1791
1887
1963
2027
2125
2211
2259
2351
2421
2463
2519
2539
2535
2543
2531
2507
2491
2435
2363
2299
2205
2119
2074
1982
1891
1815
1719
1671
1609
1529
1475
1465
1455
1459
1487
1511
1527
1563
1639
1715
1789
1881
1955
2019
2130
2205
2279
2363
2419
2475
2511
2531
2531
2549
2521
2527
2469
2439
2379
2300
2227
2135
2081
1965
1887
1811
1737
1641
1577
1539
1511
1475
1447
1467
1463
1465
1527
1547
1631
1703
1789
1863
1949
2037
2107
2203
2283
2331
2391
2463
2527
2535
2523
2523
2527
2525
2475
2443
2390
2315
2215
2127
2027
1975
1909
1807
1735
1673
1583
1525
1511
1479
1463
1455
1480
1481
1507
1559
1627
1719
1799
1863
1961
2047
2117
2207
2263
2363
2419
2445
2511
2531
2541
2535
2533
2535
2469
2429
2375
2273
2251
2105
2055
1983
1937
1765
1723
1651
1593
1571
1501
1461
1445
1475
1477
1503
1549
1579
1631
1699
1791
1867
1934
2031
2105
2199
2275
2357
2407
2455
2527
2531
2553
2517
2519
2515
2491
2431
2359
2295
2197
2119
2043
2003
1877
1811
1759
1635
1603
1543
1487
1471
1459
1475
1463
1507
1509
1555
1637
1693
1803
1869
1951
2021
2131
2203
2283
2349
2419
2459
2515
2539
2539
2515
2523
2515
2475
2437
2355
2284
2197
2117
2039
1965
1883
1809
1711
1647
1603
1559
1463
1479
1467
1445
1499
1507
1515
1555
1639
1703
1783
1867
1941
2015
2121
2219
2279
2351
2421
2483
2507
2543
2547
2551
2523
2541
2485
2455
2379
2295
2207
2129
2067
1967
1883
1791
1727
1671
1585
1549
1487
1479
1463
1351
1439
1469
1543
1509
1619
1695
1761
1855
1977
2003
2107
2201
2279
2349
2387
2457
2527
2533
2543
2551
2539
2487
2503
2415
2395
2311
2215
2135
2061
1967
1883
1819
1729
1659
1595
1542
1491
1451
1443
1469
1475
1491
1539
1567
1615
1703
1775
1855
1943
2015
2115
2181
2295
2347
2407
2463
2519
2535
2511
2539
2517
2511
2507
2437
2367
2299
2233
2119
2074
2015
1895
1791
1727
1655
1593
1570
1513
1466
1487
1455
1463
1481
1525
1549
1619
1683
1787
1871
1939
2011
2105
2191
2283
2343
2399
2450
2527
2535
2543
2539
2533
2527
2479
2445
2365
2293
2223
2143
2037
1993
1853
1773
1691
1651
1603
1559
1479
1463
1455
1463
1423
1467
1515
1563
1643
1691
1787
1837
1919
2007
2110
2195
2253
2343
2423
2467
2503
2549
2534
2531
2527
2499
2485
2451
2375
2317
2213
2139
2057
1973
1887
1791
1735
1659
1611
1555
1473
1458
1471
1469
1455
1481
1523
1567
1607
1699
1793
1883
1947
2035
2117
2213
2247
2331
2399
2455
2543
2541
2525
2519
2533
2531
2496
2435
2373
2313
2235
2135
2071
2001
1899
1795
1745
1671
1603
1551
1489
1470
1455
1475
1459
1487
1531
1573
1631
1703
1758
1861
1926
2023
2111
2197
2259
2331
2403
2447
2509
2539
2527
2535
2519
2511
2495
2437
2367
2283
2211
2135
2047
1983
1875
1791
1739
1655
1603
1545
1503
1467
1445
1457
1455
1471
1521
1579
1615
1687
1775
1863
1935
1999
2109
2197
2279
2339
2407
2447
2523
2543
2551
2543
2534
2503
2475
2441
2383
2299
2221
2145
2079
1975
1903
1801
1747
1661
1599
1539
1503
1443
1453
1479
1463
1493
1518
1543
1621
1687
1797
1887
1951
2035
2101
2199
2275
2355
2399
2467
2523
2547
2551
2519
2517
2519
2475
2447
2381
2291
2219
2139
2039
1977
1887
1823
1739
1643
1566
1546
1517
1511
1459
1469
1455
1487
1507
1558
1619
1691
1779
1845
1917
2019
2107
2187
2283
2339
2407
2475
2501
2539
2543
2527
2521
2519
2487
2463
2389
2303
2211
2119
2079
1963
1877
1787
1741
1671
1591
1541
1511
1471
1443
1443
1484
1471
1511
1539
1615
1689
1771
1861
1933
2021
2131
2199
2251
2335
2389
2447
2481
2553
2547
2537
2533
2531
2487
2463
2379
2315
2231
2129
2057
1979
1891
1809
1723
1662
1591
1555
1483
1471
1457
1459
1471
1503
1533
1583
1619
1689
1779
1857
1939
1995
2119
2189
2253
2342
2395
2459
2487
2521
2563
2551
2517
2509
2489
2463
2389
2279
2227
2175
2061
1987
1919
1823
1725
1674
1635
1543
1515
1455
1453
1469
1477
1479
1511
1565
1609
1691
1773
1847
1935
2015
2105
2171
2249
2335
2415
2445
2509
2551
2550
2539
2517
2515
2485
2463
2389
2295
2243
2153
2087
1973
1903
1795
1731
1665
1621
1551
1519
1475
1471
1449
1455
1475
1491
1547
1607
1691
1771
1839
1913
2025
2095
2197
2267
2335
2407
2447
2487
2517
2527
2587
2531
2507
2501
2459
2365
2303
2223
2171
2079
1995
1879
1805
1727
1654
1583
1563
1501
1483
1447
1447
1483
1475
1513
1537
1607
1691
1753
1859
1947
2009
2099
2169
2259
2339
2391
2455
2495
2539
2533
2527
2515
2533
2535
2431
2374
2311
2231
2155
2075
2007
1917
1831
1727
1663
1601
1541
1491
1468
1450
1447
1479
1467
1511
1577
1607
1675
1751
1858
1933
2027
2103
2187
2247
2343
2395
2439
2479
2519
2541
2535
2535
2499
2487
2441
2391
2319
2239
2167
2067
2015
1901
1811
1729
1663
1615
1555
1471
1471
1469
1471
1479
1482
1501
1565
1613
1675
1759
1847
1927
2013
2095
2195
2247
2347
2409
2455
2511
2527
2543
2542
2547
2503
2484
2447
2407
2310
2227
2143
2075
1997
1925
1807
1739
1665
1607
1557
1495
1453
1451
1459
1453
1494
1499
1533
1505
1703
1759
1871
1941
2019
2079
2181
2259
2327
2403
2451
2503
2531
2535
2531
2543
2519
2503
2443
2407
2329
2237
2145
2068
2015
1890
1823
1735
1687
1615
1539
1501
1467
1443
1467
1467
1487
1503
1539
1615
1682
1766
1855
1941
1983
2091
2171
2263
2343
2395
2439
2495
2527
2535
2527
2539
2519
2499
2461
2391
2366
2219
2167
2079
1987
1917
1787
1743
1679
1591
1555
1499
1487
1462
1487
1475
1485
1501
1556
1611