39677.9453
39678.4844
39484.7695
39521.5078
39449.7188
39539.9961
39560.0391
39329.8672
39394.2383
39587.6680
39361.4063
39539.1055
39548.6523
39482.3125
39363.7852
39738.9023
39466.5781
39473.4766
39415.3555
39400.1758
39776.0078
39748.3633
39683.4336
39926.8633
39552.9375
39708.7539
39995.2148
39572.0313
39718.0352
40062.8477
39859.5469
39824.1055
39871.0000
39902.3789
39824.7813
39553.5469
39742.1797
39829.8281
39664.5234
39875.3516
39515.0664
39573.9141
39800.5781
39582.9336
39870.8633
39722.1211
39646.5352
39681.2188
39886.8906
39684.9805
39688.7773
39722.8203
39478.3477
39751.2617
39631.3438
39397.9570
39897.8594
39971.7383
39599.7148
39847.3789
39792.6055
39541.5898
39713.4766
39949.8828
39522.6172
39592.9453
39923.7852
39808.8086
39592.5742
39733.6016
39604.1406
39730.9297
39618.3047
39715.4766
39653.2266
39900.8398
39768.8477
39836.9336
39830.9180
39903.8633
39668.5078
39590.0352
39727.0859
39958.8477
39408.1641
39483.3906
39937.9805
39550.3242
39563.8828
39814.9141
39691.1797
39564.2773
39668.2734
39709.5469
39852.9961
39664.2266
39465.6133
39608.0859
39791.5664
39591.8672
39514.7617
39603.2578
39806.3398
39882.9375
39746.3125
39767.7266
39830.5313
40019.3320
39739.5625
39834.0469
39744.2266
39988.4688
39621.9844
39853.4961
39732.3008
39959.7813
39659.8672
40010.6523
40100.3320
39672.9063
39876.4102
39764.7031
39859.1250
39787.5586
39775.7617
39775.5703
39626.6367
39629.0820
39849.2461
39756.6289
39664.1406
39532.8750
39746.0273
39860.9805
39445.0820
39786.0586
39766.8945
39544.7461
39519.6914
39802.9727
39969.9414
39865.6758
39826.6992
39655.8867
39831.2305
39829.5859
39662.7031
39633.4688
39656.5742
39834.7852
39824.9883
39632.0117
39616.9023
39804.6094
39796.5391
39657.6016
39741.9492
39563.1563
39754.8164
40002.5273
39638.6016
39469.7109
39874.7188
39769.0352
39518.4609
39604.5977
39945.3008
39714.8945
39742.1484
39873.0000
39533.8477
39726.8516
39924.7734
39564.0234
39701.2617
39616.3086
39829.0664
39580.3672
39691.3086
39968.8711
39575.5430
39537.5898
39689.3242
39609.8789
39695.4805
40027.9063
39865.1289
39533.6406
39812.7656
39880.1523
39696.2305
39729.4570
39700.9844
39487.2070
39542.1133
39669.8008
39729.6211
39670.5977
39464.7305
39782.4805
39776.6875
39559.3984
39628.8867
39614.7148
39573.7422
39798.6289
39815.1094
39475.3945
39758.8008
39586.3438
38976.2617
39352.8086
39357.0703
39126.9258
39238.8438
39384.7070
39447.6914
39315.0273
38987.7305
39247.3125
39433.2813
39174.8164
39431.9922
39491.3672
39181.4180
39216.3633
39519.8711
39522.8242
39418.8672
39335.2383
39081.3281
39341.0586
39139.2891
39265.4453
39531.1250
39300.0078
39128.7813
39420.8164
39301.2813
39151.6758
39208.6406
39239.5938
39208.7891
39145.1133
39343.2539
39479.6055
39139.3906
38957.3164
39443.8906
39186.6094
39229.5859
39333.6484
39443.2422
39480.0117
39446.0000
39410.9805
39104.1641
39353.3555
39666.6211
39291.1172
39278.2344
39550.1094
39608.0352
39072.2383
39223.1445
39217.1289
39447.1406
39210.7031
39409.0313
39372.4648
39353.4141
39415.8828
39627.9297
39437.6797
39223.0977
39481.8594
39519.1289
39587.9883
39594.5586
38926.8672
39410.1172
39527.2813
39429.1914
39327.3047
39340.8203
39720.8438
39518.0273
39618.1641
39595.2031
39224.5820
39508.8086
39589.1133
39331.2070
39541.8086
39797.9766
39709.7344
39368.6836
39387.9023
39748.9570
39629.1289
39768.4414
40140.1680
40080.1992
39841.5898
40099.5703
39852.4844
39671.2305
39846.3555
39877.2422
39951.9805
39823.8711
39815.0859
39677.3711
39934.2773
39808.7695
40038.2344
39838.2734
39658.1055
40187.7852
39844.5000
40051.0781
39946.0820
39921.5664
39603.7461
39847.6328
40186.8203
39941.2695
39876.7422
39968.6758
40119.1641
40229.0000
39994.2070
40114.3867
39958.1172
39774.3555
40075.6094
40271.1328
40292.0547
39899.4258
40299.3125
39878.6133
39949.9648
39979.6523
39926.0586
39767.2422
39464.8438
39764.1875
39514.0234
39317.1953
39691.6758
39836.6836
39698.1641
39515.8047
39680.2617
39578.3359
39804.9336
39583.4375
39696.9375
39549.6758
39740.2539
39717.4023
39952.4141
39681.9844
39724.1602
39732.9492
39724.9063
39498.5703
39735.5430
39875.0586
39926.1289
39644.0078
39727.7734
39383.0586
39716.2188
39444.5234
39742.1250
39790.1406
39663.7539
39992.6836
39562.6484
39483.8750
39806.8594
39793.7383
39788.0898
39523.8711
39781.5000
39942.5586
40260.7773
39639.0586
39992.4141
39750.7734
40361.4375
39895.8789
39785.1836
39533.8125
40279.0547
40236.8516
40144.8594
39794.9609
40115.9453
40382.0742
39876.1602
40153.2148
39573.2148
39693.0430
39832.2891
39663.6055
40063.4727
39777.2070
39696.6797
39989.6758
40332.5820
40018.2695
40003.6523
39666.4609
40269.5352
40205.3477
39998.8477
39863.9180
40120.3125
40050.4961
39793.1094
40080.6367
40560.3945
40196.5547
40099.4336
40053.1523
39862.8750
40100.9570
39921.5234
40246.2227
40454.4375
40152.2109
40176.6016
40253.7344
39860.3320
40090.3906
40507.9688
40259.4570
40498.3164
40153.1758
40066.8008
40690.8398
40250.8945
40328.2461
40174.8008
40102.5977
39907.2500
39821.1250
39619.6328
39866.0078
39794.4297
39957.5156
39520.7695
39865.1094
39917.5508
39907.2383
39741.7813
39831.4805
39910.2422
39904.4063
39722.9102
39945.8906
39969.0625
39972.2461
39664.2813
39722.1406
39772.7969
40098.4531
40314.3945
40231.6445
39855.1094
39752.1289
39834.7813
39789.7148
40067.1875
39955.2813
40049.2031
40133.0898
39511.6250
39881.0742
40074.2344
40016.4922
39624.5391
39789.9883
39789.8047
39984.0430
39748.6797
39604.6367
39499.9531
39870.0625
39682.0664
39661.9258
39624.7852
39732.4141
40155.7148
39866.0742
39547.3008
39597.3164
39810.3320
39863.8789
39868.7188
40227.6484
39971.4297
39858.7539
40040.1250
40225.1797
40250.1250
40288.1289
39889.9414
40088.8867
40388.5977
39850.7305
40090.7188
39870.2695
40037.9219
40261.1602
40075.7461
40049.3516
40131.3750
40053.3398
40110.9297
40121.4414
40093.1836
40019.2539
40019.9609
39955.9961
40004.3242
40367.3086
39794.4727
40121.9375
40030.7891
40176.8242
40077.5469
39717.9102
40259.1914
40086.9570
40056.7852
39869.4102
40282.8164
40473.9102
40095.6406
39987.3398
40026.5156
39775.5547
40010.7930
39931.8516
39522.1641
39527.9336
39803.2852
39607.0820
39854.8242
39645.7969
39620.9453
39707.0586
39896.5859
39658.0195
40025.5078
39676.5625
39623.3945
39945.4102
39708.4805
39597.3555
39698.1875
40006.0625
40038.3203
39907.5781
39677.7227
39581.3320
40147.8945
39657.1758
39740.8828
39576.6250
39848.0313
39652.8984
39601.4805
39723.7891
39865.6094
39799.7891
39918.8711
39533.5781
39713.3672
39425.0078
39612.3008
40013.1406
39715.4648
40122.6641
39879.0352
39776.2891
39673.6055
40114.9688
40088.9766
39611.9180
39687.3203
39541.8633
39905.0547
39687.8320
40101.2344
40325.1797
39930.6523
40021.4883
40308.0703
40270.2070
40185.8086
40177.8594
40219.1563
40219.1211
40074.0195
40026.7266
39986.9258
40198.2617
40024.9414
40303.8672
40073.8008
39917.7656
40139.5859
40420.2578
40239.6641
40168.9844
40040.0977
40407.1914
40060.1328
40142.6836
40305.8750
40163.1484
40176.0781
39973.9883
40194.3594
40279.9102
40288.4297
40306.9805
39751.5781
40015.1250
40279.2930
40221.5430
39965.5508
40306.2500
39985.1445
40229.6211
39981.6836
40104.0430
40016.2852
39881.6563
39834.2578