42031.2891
41993.2539
41922.2070
42148.1367
41881.0820
41857.3281
41893.6172
42137.5820
41814.7109
42179.6523
41866.6172
42334.5078
41848.3398
42034.8008
41684.6406
41963.7461
41977.4258
41752.2227
42064.6953
41894.0781
41920.0117
41866.9375
41915.5273
41838.1797
41653.3320
41933.4063
41980.1484
41909.5234
41986.4609
42017.1836
42158.8047
41869.7109
42144.8125
41716.6523
41879.0195
41886.4297
41837.6602
41966.5898
41978.8906
41816.7383
41738.0781
42120.8125
41874.3359
41866.2734
41947.0273
41696.6797
41793.0508
41905.0469
41923.6328
41734.9258
42050.0547
41637.0430
42018.0078
41825.2852
42094.0898
41749.6523
42065.0469
41701.4883
42255.2578
41660.7656
41974.2617
41762.9805
41930.9297
41858.4063
41748.3945
42135.2578
41594.7344
41939.5820
41925.1758
41799.1172
41844.8633
41832.1055
41745.8320
41857.7695
41979.4414
41743.1406
41739.2227
41900.4219
41753.9375
41694.8281
42040.6289
41868.5508
41828.7461
42065.3359
41596.7070
41795.0898
42165.5234
41799.9102
41826.1328
41783.7617
41636.9648
41759.1289
41861.8672
41565.6523
41896.5195
41957.8125
41649.3594
41826.5781
41698.3477
41810.6914
41532.8320
41964.4414
41713.0977
41887.2969
41786.7891
41652.1133
41761.4727
41902.2969
41651.6133
41847.8789
41951.9297
41989.8867
41681.9219
42070.5391
41648.6914
41982.1055
41926.9570
41747.2617
42110.9688
41888.5352
41875.1055
41757.2500
41576.7695
41975.6289
41519.1992
41912.6563
41607.9336
42164.3086
41730.6094
41657.1836
41901.1016
41716.8047
41822.8828
42033.2383
41582.9961
41652.8164
41957.6992
41890.8281
41714.8086
41840.9180
41827.6992
41819.7188
41823.4492
41930.7852
41723.7891
41835.7578
42032.2969
41633.6172
42025.4531
41892.7813
41813.6875
42010.1094
41723.1094
41997.6406
41714.4023
41556.8516
41810.9531
41745.2891
42019.5039
41949.9609
41933.1016
41942.9063
41687.2695
42042.2188
41584.0625
42043.7930
41748.2656
41881.8945
41758.3867
41790.7148
42064.2148
41738.0898
41627.8867
41873.2070
41816.2383
41896.4570
41706.4375
41710.0938
41852.5195
41558.5273
42031.2852
41825.0938
42042.5938
41899.5586
42206.2695
41945.7344
41896.8594
41685.9336
41893.3633
41767.7617
42045.8633
41979.9570
42050.2539
42034.5859
41986.4883
41599.8086
41799.3281
41839.3984
41658.9414
41643.6328
42226.3242
41854.8789
42151.2422
42007.8281
41785.5547
41732.8555
42126.4023
41810.2852
41578.9766
41986.0039
41787.3594
41923.8008
42045.4531
42117.2109
41921.4570
41728.5781
41941.3086
41904.2461
41718.7578
42074.1016
41649.1250
41741.6172
41785.0313
42014.5820
41818.7305
41904.6563
41889.1484
41699.1641
41904.3359
41908.1328
42119.4063
41915.7539
41849.3477
41914.0508
41839.8711
41955.6289
41878.8086
41958.4531
41759.5469
41670.3633
42091.9805
41648.0430
41838.7305
41908.4375
41815.0547
42032.8711
41659.7656
42134.5273
41899.9414
41888.3750
41606.8750
42029.8125
41759.7539
41889.2500
42059.8984
41840.8555
41815.2734
41889.8242
41863.2305
41993.8164
41706.4141
41719.8047
41773.7383
41638.7148
41817.6914
41908.5938
41825.9375
42137.3477
41793.6641
41899.5898
41820.8398
41550.6367
41848.4609
41887.9180
41754.6211
42112.5859
41754.3750
42043.8711
41629.2930
41912.9375
41916.4492
41831.8672
42193.5234
41989.1406
41832.4688
41981.0195
41677.5391
41896.7461
41611.0313
41868.2461
41772.7539
41638.8438
42009.0664
41629.7969
41815.4531
41884.1641
41708.0781
41837.8203
41952.0625
41766.4922
42188.9766
42029.4766
41853.2031
41636.1016
41914.0938
41833.8906
41894.4727
41861.2852
41739.4063
41764.3555
41994.9336
41624.3672
41862.6914
41814.1758
41724.9336
41894.4297
41857.4141
41615.9141
42040.2500
41958.3594
41633.0156
41809.8945
41810.4492
41877.9531
41715.9297
41590.8867
41734.5078
42166.4609
41683.4102
41891.4375
41834.6914
41708.5977
41914.6406
41859.2148
41972.2773
41632.8086
41894.3086
41778.9922
41646.3945
42047.5781
41812.8672
41957.5156
42214.5430
41996.7813
42063.5469
41702.9688
41967.2539
41603.6875
41720.9453
41881.1289
42022.6250
41944.1445
41924.5391
42131.6914
41834.7227
41879.5625
42058.6328
41757.6211
41790.1797
41896.6211
41846.8438
42120.0195
42007.2109
41692.7148
41858.6289
41744.7070
41696.0664
41828.0469
41831.6758
42051.3438
41782.9063
41942.7266
42169.2188
41960.9375
41872.7578
41710.0781
41812.0273
42037.6523
41734.7383
41742.9805
41827.8633
42018.8281
41905.7188
42013.8750
42048.4727
41571.8555
42092.4766
41749.0586
41700.2539
42114.7891
41800.9766
41962.0117
41819.5313
41792.8984
41703.8477
42002.0352
42136.0547
41875.1914
41925.7422
41710.2422
41924.4961
42302.6016
41984.7422
42116.3594
41724.3867
41913.9102
41750.3203
41906.3984
41835.5313
41469.9219
42211.7891
41977.8242
41916.0430
42128.7656
41626.9766
42183.4063
41726.3320
41804.0781
41905.8633
41442.5078
41950.0313
41777.9414
41783.2461
41923.5898
41756.0664
41745.5742
41890.1094
41458.9609
41975.7188
41988.7539
41904.7695
42103.0508
41705.5703
41834.7969
41861.4297
42011.5703
41853.4727
41965.8203
41762.8164
42019.5469
41931.7266
41840.2188
41925.9648
41763.4609
41927.5977
41831.3242
41796.6250
42083.1055
41747.7305
41742.3086
41980.9727
41801.9844
41858.8906
42014.7930
41794.3633
41642.8281
42013.3594
42151.0742
41990.2656
41831.4531
41941.2813
41996.9883
41552.0117
42043.0508
41784.0781
42137.6328
41870.9570
41726.3008
41896.4258
41574.0352
41891.7852
41587.0273
42031.1016
41713.7734
41861.5039
41719.2109
42114.2734
41696.9375
42077.7305
41576.5078
41883.7773
41693.4375
41782.1016
41743.1328
41658.5625
41834.1563
41501.0898
42060.9688
41940.8750
41731.1484
41738.4805
41652.7969
41932.2109
41604.6836
41693.1602
41711.8281
41623.4688
41995.0273
41616.8477
41717.6484
41742.4414
41881.8828
41392.5078
41728.5039
41712.7539
41694.3477
41839.4023
41937.7383
41735.4414
42031.4063
41672.9570
41930.6055
41888.1250
41922.7500
41596.3867
41990.9531
42083.2969
41647.6367
41454.7734
41684.9883
41634.6797
41902.1328